   0:      0.003117    0.0007946      -0.0014    -0.002106   -5.264e-06
   5:      0.001647     0.002104     0.001261   -0.0007772    -0.002951
  10:      -0.00383    -0.003052    -0.001991    -0.001679   -0.0002793
  15:      0.006649      0.01586     0.002887     -0.04083      -0.0532
  20:      0.008453      0.06219      0.03618     -0.01385     -0.02552
  25:       -0.0115     0.001012     0.006721     0.008125     0.006919
  30:      0.004646     0.002015    -0.002214    -0.008873      -0.0119
  35:     -0.001164      0.01572      0.01405    -0.006081     -0.01567
  40:     -0.006031     0.003535     0.002205    -0.003313     -0.00266
  45:       0.01116      0.02788       0.0255     0.005258    -0.007487
  50:      -0.00394     0.002613     0.004246     0.003049   -0.0003659
  55:     -0.004285    -0.001304     0.005937    -0.004472     -0.03443
  60:      -0.03842     0.003327      0.03575      0.02174    -0.002742
  65:     -0.005993      0.00184     0.007665     0.009084    -0.001211
  70:       -0.0231     -0.02295      0.02503      0.07127      0.04696
  75:      -0.01959     -0.04466     -0.01916     0.003702     0.003447
  80:     -0.002424    -0.002825    -0.002029   -0.0008621     0.007009
  85:       0.02045      0.02503       0.0127    -0.004327     -0.01146
  90:     -0.009237    -0.002961     0.004301      0.00207     -0.01757
  95:      -0.03521     -0.02294     0.008971      0.02593      0.02289
 100:       0.01577    0.0005073     -0.02439     -0.02797     0.004805
 105:       0.03479      0.02265       -0.012     -0.01594      0.02543
 110:       0.06126      0.04073     -0.01214     -0.03605     -0.01915
 115:      0.000907     0.002484    -0.002533    -0.001356     0.002212
 120:      0.001737      0.00128     0.007725      0.01281    -0.001833
 125:      -0.03009     -0.03574    -0.006271      0.02177      0.01985
 130:      0.006614     0.003408     0.001041    -0.007039    -0.006816
 135:      0.004616      0.01107     0.008006     0.004913    0.0004892
 140:     -0.009834     -0.01329    0.0003393      0.01577      0.01555
 145:      0.005444    -0.001762     -0.00504    -0.006093    -0.001629
 150:       0.00498    0.0008013     -0.01213    -0.007123      0.02474
 155:       0.04524      0.02154     -0.02087     -0.03555     -0.01948
 160:     -0.003375    0.0003356     0.002251     0.005406     0.001265
 165:     -0.003607      0.01043       0.0396      0.05186      0.01713
 170:      -0.02238      -0.0273    0.0007649    0.0002818     -0.03302
 175:      -0.08206     -0.04515      0.04718      0.02201      0.02857
 180:       0.04263      0.05511      0.03209    -0.009467     -0.04026
 185:      -0.03171     -0.01036     0.003761     0.003306    -0.001936
 190:     -0.004577   -0.0008872     0.006352      0.01221     0.009033
 195:     -0.004344     -0.01652     -0.01281     0.005207      0.01941
 200:       0.01685     0.004208    -0.004514    -0.005236     -0.00342
 205:      -0.00191      0.00253      0.01054      0.01537      0.01053
 210:    -0.0006992    -0.008881    -0.008847    -0.004269   -0.0008757
 215:     -0.001244     -0.00328     -0.00501    -0.004435   -0.0001859
