   0:    -0.0004924    0.0008405     0.001089    4.943e-05   -0.0009132
   5:     -0.000809   -0.0002943    0.0003331    0.0007374    0.0008791
  10:      0.001091     0.001386     0.001149    0.0001094    -0.001403
  15:      -0.00349     -0.00508    0.0001941      0.01757      0.03362
  20:       0.02512    -0.002502     -0.01831     -0.01321    -0.005102
  25:     -0.004187    -0.006036    -0.006673    -0.005348    0.0001066
  30:       0.00696     -0.00177     -0.03348      -0.0491     -0.01057
  35:       0.04203      0.04944      0.02269     0.004083     0.001112
  40:    -0.0005354    -0.007375     -0.01241    -0.002292      0.02234
  45:       0.03422      0.01403     -0.01387     -0.01752     -0.00351
  50:      0.004847     0.002863    -0.002412    -0.006781    -0.005647
  55:      0.005804      0.01334      -0.0128     -0.05844     -0.05188
  60:       0.02008      0.06799      0.04121     -0.00556     -0.02051
  65:     -0.007928     0.009969      0.01475     0.002679    -0.008685
  70:      -0.00612      0.00215     0.005516     0.004793     0.003736
  75:      0.004229     0.008921      0.01388     0.002157     -0.02911
  80:      -0.04221    -0.009649        0.029      0.02777     0.004571
  85:     -0.005046    -0.001197     0.001448   -5.389e-05    -0.001561
  90:     0.0003462     0.005966     0.007736    -0.005806     -0.02144
  95:    -0.0006081      0.05335      0.06826      0.01353     -0.04153
 100:      -0.03764    -0.007067     0.003436    -0.002694    -0.004171
 105:     7.253e-05     0.002038     0.001533     0.002912      0.00536
 110:      0.003915   -0.0007041    0.0004014      0.01051      0.01709
 115:      0.008457    -0.005789    -0.008134    0.0003732     0.005387
 120:      0.003263      0.00239     0.005783     0.006813     0.002155
 125:    -0.0007845     0.005042      0.01058   -0.0006911     -0.02261
 130:      -0.02433     0.004631      0.03283       0.0307      0.01133
 135:      0.003545      0.01171      0.01237     -0.00728     -0.03207
 140:      -0.02902    -0.004701      0.01271     -0.00013      0.01087
 145:       0.03703   -0.0004611     -0.02954     -0.02709     -0.01214
 150:      0.002469     0.008436     0.008827     0.007858     0.001752
 155:     -0.004851    0.0007528      0.01408      0.01777       0.0102
 160:      0.003307    0.0003115    -0.003619    -0.007247     -0.00506
 165:     8.515e-05    -0.002974     -0.01438     -0.01286      0.01535
 170:       0.04317      0.03131     -0.01018     -0.03378     -0.02253
 175:      -0.00102     0.009471     0.008628    0.0006798    -0.006645
 180:      0.001994      0.02837      0.04297      0.02126     -0.01567
 185:      -0.02691     -0.00738      0.01095       0.0062    -0.006889
 190:     -0.001921      0.01913      0.02182     -0.01068     -0.04258
 195:      -0.02696      0.02397      0.05124      0.03196     0.001039
 200:     -0.008554    -0.002019     0.001493    -0.001991     -0.00493
 205:     -0.003204    0.0006877     0.003631     0.005025     0.005177
 210:       0.00399     0.002184     0.001578     0.002791     0.003816
 215:      0.002303    -0.002217    -0.005735    -0.004836   -0.0002423
