   0:      0.001027     0.001461    0.0009895   -0.0003398   -0.0008362
   5:    -0.0001766    0.0007252     0.001364     0.001352    0.0007602
  10:     1.943e-05   -0.0007525    -0.002227    -0.005084    -0.007499
  15:      -0.00213       0.0168      0.03523      0.02709    -0.002613
  20:       -0.0192     -0.01227    -0.001991    0.0003068   -0.0004686
  25:    -0.0002788   -0.0001384    -0.001124    -0.002766    -0.004499
  30:     -0.006504    -0.007809    -0.003107     0.009329     0.008392
  35:      -0.02657     -0.05601     -0.02477      0.03469      0.04914
  40:       0.02087     0.001779     0.003531     0.005751     0.001057
  45:     -0.004193    -0.006138    -0.004712    -0.001665    -0.002296
  50:     -0.009572    -0.009113      0.01707      0.04681        0.037
  55:     -0.001147     -0.01677    -0.001065      0.01268     0.008928
  60:     -0.002242    -0.009618    -0.003154      0.01854      0.02001
  65:       -0.0316     -0.07377     -0.01839      0.07015      0.07358
  70:       0.01762     -0.01079     -0.00551   -0.0007948    -0.007945
  75:      -0.01447    -0.004272      0.01329     0.009083     -0.01272
  80:      -0.01786    -0.002605     0.007575     0.004182     0.002289
  85:       0.01359      0.01879     -0.01075     -0.04367     -0.02098
  90:       0.02867       0.0338     0.004354    -0.009355    -0.003864
  95:     0.0006605     0.001027     0.001195   -5.526e-05    -0.001719
 100:     0.0009402     0.001744     -0.01367     -0.02865     0.002029
 105:       0.06115      0.05804     -0.01928      -0.0662     -0.03477
 110:       0.00867      0.01538     0.006667     0.005958     0.008288
 115:      0.006532     0.003695     0.001529    -0.003002    -0.006497
 120:     0.0006288      0.01355      0.01245    -0.004455     -0.01439
 125:     -0.007277     0.001993     0.002675    0.0003296     0.001006
 130:      0.003765     0.005868     0.004652   -0.0003529    -0.001969
 135:       0.00665      0.01259    -0.004957     -0.03085     -0.02333
 140:       0.01424      0.03076       0.0112    -0.007268    -0.004444
 145:      0.002025    -0.001464    -0.004277     0.005341      0.01344
 150:     -0.003061     -0.02823     -0.02019      0.01367      0.02593
 155:      0.009444    -0.008158     -0.01924     -0.02163     0.001039
 160:       0.03754      0.03518     -0.01412     -0.04378       -0.021
 165:       0.01006      0.01392     0.004136    0.0002658     0.001055
 170:    -0.0004953    -0.003278    -0.002861    0.0008555     0.002423
 175:     -0.001675    -0.003189     0.007627      0.01505    -0.006695
 180:      -0.03761     -0.02805      0.01567      0.03467      0.01339
 185:     -0.004765   -0.0009034    -0.002379      -0.0168     -0.01627
 190:      0.004426      0.01627     0.007994   -0.0002934     0.001557
 195:    -0.0006343     -0.01166     -0.01338     0.001305      0.01245
 200:      0.006819    -0.002848    -0.003525    0.0001247    9.276e-05
 205:     -0.002289    -0.002339    0.0001514     0.002257     0.002195
 210:     0.0004341    -0.001121   -0.0008451    0.0005339    0.0007805
 215:    -0.0006452    -0.002754     -0.00416     -0.00364   -0.0008071
