   0:     1.788e-06    2.384e-05     1.83e-05    1.004e-05    5.556e-05
   5:     0.0003139    0.0007263     0.000191    -0.001374    -0.001259
  10:     0.0003868    0.0006576    0.0002053    2.501e-05    1.282e-06
  15:     1.733e-08    2.019e-08    3.228e-08    1.469e-08   -7.068e-08
  20:     -7.24e-07   -9.826e-06   -6.496e-05   -0.0001709   -5.903e-05
  25:     0.0003332    0.0002936   -9.048e-05   -0.0001656   -5.987e-05
  30:    -9.954e-06    -1.25e-05   -7.233e-05   -0.0001751   -4.869e-05
  35:     0.0003369    0.0002981   -8.152e-05   -0.0001705   -6.664e-05
  40:    -1.093e-05   -7.724e-07   -2.335e-08    1.198e-07    3.145e-06
  45:     3.315e-05    0.0001675    0.0003523    6.312e-05    -0.000674
  50:    -0.0006035    0.0001589    0.0003354    0.0001265    1.968e-05
  55:     1.359e-06    -1.28e-07   -4.679e-06   -5.546e-05   -0.0003039
  60:    -0.0006777   -0.0001426     0.001305     0.001143   -0.0002348
  65:    -0.0006788   -0.0003305   -7.326e-05   -8.641e-06   -3.777e-06
  70:    -2.493e-05   -9.764e-05   -0.0001653   -2.033e-06    0.0003198
  75:     0.0002882   -3.549e-05   -0.0001651   -9.031e-05   -1.397e-05
  80:     5.788e-05     0.000213    0.0003271   -2.164e-05   -0.0006446
  85:    -0.0005818      8.3e-05     0.000382     0.000373     0.000374
  90:      7.58e-06   -0.0006431    -0.000588    8.692e-05    0.0003207
  95:     8.964e-05   -0.0002685   -0.0005355    -2.21e-05     0.001044
 100:     0.0009288   -0.0001101   -0.0005404   -0.0003125   -8.492e-05
 105:    -1.247e-05   -1.005e-06    3.392e-08    1.472e-06    1.455e-05
 110:     8.293e-05     0.000258     0.000358   -5.661e-05   -0.0007286
 115:    -0.0006534    6.851e-05     0.000374    0.0002366    0.0001564
 120:     0.0001681   -4.839e-06   -0.0003114    -0.000289    2.972e-05
 125:     0.0001889    0.0001935     0.000185   -1.502e-06   -0.0003126
 130:    -0.0002877    3.009e-05    0.0001608    8.907e-05    2.276e-05
 135:     3.158e-06    1.735e-07   -9.296e-07   -1.168e-05   -8.216e-05
 140:    -0.0002998   -0.0004776    1.466e-05    0.0009289    0.0008449
 145:    -4.999e-05   -0.0004761   -0.0003068   -9.443e-05   -1.654e-05
 150:    -4.401e-06   -2.352e-05   -0.0001199   -0.0003399   -0.0004308
 155:     0.0001054    0.0009035    0.0008085     1.28e-05   -0.0003823
 160:    -7.352e-05     0.000511     0.000672   -0.0002604    -0.001566
 165:     -0.001557   -0.0004046    0.0001731    0.0005853     0.001336
 170:      0.001122    3.553e-05   -0.0005831   -0.0004535   -0.0001725
 175:    -3.878e-05   -5.465e-06   -4.797e-07    3.745e-07    4.202e-06
 180:       2.7e-05    0.0001076    0.0002486    0.0002597   -0.0001113
 185:    -0.0005904   -0.0005398   -1.927e-05    0.0002847    0.0002178
 190:     7.863e-05    5.988e-06   -4.618e-05   -0.0001199   -0.0001338
 195:      5.15e-05    0.0003082     0.000294    3.493e-05    -0.000142
