   0:             0            0      0.03957      0.04612     -0.03536
   5:      -0.05187     -0.04554      0.01369      0.06324      0.03217
  10:      0.004138     -0.04393     -0.09814     -0.02031      0.08846
  15:       0.06723     0.006913     -0.01577     -0.01754     -0.01949
  20:      -0.04135     -0.05847     -0.04395    0.0002058      0.03201
  25:      -0.02024     -0.07978     -0.02739      0.04072      0.02803
  30:     -0.007115     -0.01541     0.008738      0.02081     -0.03764
  35:      -0.09856     -0.05897       0.0146      0.01172      -0.0289
  40:      -0.03085      -0.0183     -0.02647     -0.01876      0.02931
  45:       0.07296         0.07      0.03721      0.01378      0.01536
  50:       0.03351      0.05255      0.05437      0.02366     -0.02897
  55:      -0.05976     -0.03558      0.02133      0.06115      0.07229
  60:       0.07818      0.07317      0.02672     -0.04401     -0.07813
  65:      -0.05179    -0.003608      0.02182      0.02163      0.01733
  70:       0.01754      0.01213    -0.006148     -0.02155    -0.008692
  75:        0.0256      0.03482    -0.006015     -0.05401     -0.04908
  80:      0.004297      0.04433      0.03329    -0.008985     -0.04486
  85:      -0.05382     -0.03431   -0.0009494      0.01783     0.001958
  90:       -0.0322     -0.04626     -0.02763     -0.00138     0.006955
  95:     0.0001905    -0.004941    -0.005246    -0.009733     -0.01928
 100:       -0.0239     -0.02007     -0.01822      -0.0262     -0.03392
 105:      -0.02482    0.0009717      0.02591      0.03691      0.03607
 110:       0.02795     0.009482     -0.01941      -0.0417     -0.03311
 115:      0.007937      0.04727      0.04255     -0.01453     -0.08598
 120:       -0.1169     -0.07901     0.008195      0.09418       0.1335
 125:        0.1111      0.04219     -0.04232      -0.1107      -0.1394
 130:       -0.1189     -0.05915      0.01086      0.05358      0.04529
 135:     -0.003295     -0.05022      -0.0569     -0.02519     0.005873
 140:      0.005117     -0.01536     -0.01757      0.01286      0.04545
 145:       0.03929    -0.007788     -0.05407      -0.0576     -0.01719
 150:       0.03107      0.05093      0.03506     0.002508     -0.02424
 155:      -0.03595     -0.03441     -0.02178     0.001764      0.03089
 160:       0.05081      0.04461     0.006753     -0.04928     -0.09669
 165:       -0.1107      -0.0832     -0.02667      0.03318      0.07133
 170:       0.07474      0.04598   -0.0008796     -0.04787      -0.0798
 175:      -0.08738     -0.06789     -0.02516      0.03028      0.08245
 180:         0.114       0.1121      0.07409     0.008626     -0.06686
 185:        -0.132      -0.1701      -0.1724      -0.1405      -0.0843
 190:       -0.0184       0.0426      0.08776       0.1115       0.1131
 195:       0.09499      0.06167       0.0194     -0.02338     -0.05664
 200:      -0.07157      -0.0647     -0.04061     -0.01065      0.01278
 205:       0.02311      0.02258      0.01857       0.0165      0.01599
 210:       0.01341     0.006999    -0.001197    -0.007517    -0.009962
 215:      -0.00925    -0.007376    -0.005517    -0.003185    0.0008681
 220:      0.007005       0.0138      0.01861       0.0191      0.01453
 225:      0.006088    -0.003875     -0.01281     -0.01876     -0.02073
 230:      -0.01865     -0.01337    -0.006656    -0.001082    0.0006714
 235:     -0.002825     -0.01034     -0.01775     -0.01972     -0.01271
 240:      0.002577      0.02095      0.03504      0.03882      0.03053
 245:       0.01333     -0.00642     -0.02208     -0.02945     -0.02794
 250:         -0.02    -0.009432    0.0003504     0.007391      0.01128
 255:        0.0126       0.0122      0.01073      0.00866     0.006311
 260:      0.003966     0.001693   -0.0008107    -0.004081    -0.008401
 265:      -0.01329     -0.01742     -0.01921     -0.01761      -0.0128
 270:     -0.006233
