   0:             0            0      0.03858    -0.009164     -0.07874
   5:      -0.07882     -0.05443     -0.03584      0.01698      0.05227
  10:       0.03205      0.00804     -0.04989      -0.1197     -0.08775
  15:     -0.006377      0.03094        0.043      0.04045      0.01479
  20:     -0.008122    -0.003645     0.007955      0.02845      0.08653
  25:        0.1117      0.05122    -0.005318     -0.01589     -0.01827
  30:     -0.005828      0.01625     0.008817   -0.0004281      0.03234
  35:       0.04985      0.01493    -0.001304     0.004712     -0.01108
  40:      -0.01607   -0.0007215     0.001264    -0.004659     -0.01358
  45:        -0.018    -0.003577    -0.002886     -0.01089      0.02092
  50:       0.03405     -0.02753     -0.05296     0.003486      0.02327
  55:     -0.008386    -0.004006      0.03099      0.05033      0.05099
  60:       0.04188       0.0224     -0.01781     -0.05023     -0.02928
  65:      0.008182     0.006646     0.001376      0.01903      0.02487
  70:       0.01226    -0.006794     -0.02978     -0.02644     0.003861
  75:      0.003229     -0.02645     -0.02371    0.0001353    -0.006246
  80:       -0.0219    -0.008156      0.01607      0.02797      0.03167
  85:       0.01898     -0.02047     -0.06007      -0.0549    -0.002017
  90:       0.04162      0.03412    -0.001412     -0.03006     -0.04178
  95:      -0.02873     -0.00328     -0.00137     -0.02221     -0.02702
 100:     -0.009547    -0.008663     -0.04063     -0.06695     -0.04559
 105:      0.007431       0.0353      0.02115    0.0006092     -0.01506
 110:      -0.04998     -0.08104     -0.04347      0.05828       0.1329
 115:        0.1196      0.05444     0.002486     -0.01725     -0.02538
 120:      -0.03582     -0.04103     -0.03223     -0.01479    -0.004055
 125:      -0.01133     -0.03125     -0.04348     -0.03053     0.005063
 130:       0.04082      0.05191      0.03089    -0.007769     -0.03903
 135:      -0.04402      -0.0232     0.003485      0.01347    0.0009612
 140:      -0.02108     -0.03714     -0.04263     -0.03887     -0.02063
 145:       0.01914      0.06766      0.08514      0.03169     -0.09539
 150:         -0.25      -0.3601      -0.3671      -0.2565     -0.06441
 155:        0.1409       0.2895       0.3355       0.2719       0.1317
 160:      -0.02267      -0.1259      -0.1427     -0.08662    -0.008096
 165:       0.04115      0.04203      0.01454    -0.007217    -0.006588
 170:      0.008166      0.02063      0.02221      0.01413     0.002885
 175:     -0.003439     0.001264      0.01557      0.02834      0.02603
 180:      0.005577     -0.02002     -0.03105     -0.01857     0.007073
 185:       0.02666       0.0313      0.02914      0.03207      0.03761
 190:       0.02783      -0.0101     -0.06111      -0.0843     -0.04596
 195:       0.04338       0.1262       0.1397      0.06881     -0.03876
 200:       -0.1111      -0.1064      -0.0341      0.06334       0.1415
 205:        0.1716        0.145      0.06986     -0.03296      -0.1363
 210:       -0.2139      -0.2466      -0.2277      -0.1642     -0.07432
 215:       0.01766      0.08804       0.1201       0.1082      0.05921
 220:     -0.009872     -0.07624      -0.1179      -0.1201     -0.08106
 225:      -0.01338      0.05861       0.1072       0.1125      0.07273
 230:      0.006675     -0.05424       -0.082     -0.06753     -0.02513
 235:       0.01786      0.03899      0.03334      0.01297    -0.004462
 240:     -0.008468   -0.0008595     0.008737      0.01165      0.00588
 245:     -0.004383     -0.01319       -0.017     -0.01605      -0.0129
 250:     -0.009789    -0.006802    -0.002319     0.004757      0.01286
 255:       0.01775       0.0151     0.003958     -0.01136      -0.0228
 260:      -0.02337     -0.01221     0.004182      0.01629      0.01808
 265:       0.01054   -0.0002296    -0.007869    -0.009639    -0.006887
 270:     -0.002936
