   0:     -0.003475    -0.004396    -0.006304    -0.009302     -0.01354
   5:      -0.01908     -0.02609     -0.03461     -0.04463     -0.05611
  10:      -0.06888      -0.0827     -0.09729       0.0902      0.02073
  15:       0.05922      0.09661      0.08933       0.0834      0.07895
  20:       0.07594      0.07436      0.07395      0.02858      -0.1081
  25:       -0.1065      -0.0404     0.003188     -0.05227     -0.05333
  30:      -0.05545      -0.1104     -0.07565      -0.0808      0.07831
  35:       0.07244      0.06649      0.06077      0.05552    -0.005152
  40:     -0.008856     -0.01156     -0.01317      0.02585      0.06436
  45:       0.06603      0.06869      0.07237     -0.06979     -0.06382
  50:      -0.05717      0.04136      0.04825      0.05519      0.06194
  55:       0.03009    -0.003613     -0.03948     -0.07784     -0.07483
  60:      -0.07331     -0.07343     -0.07529     -0.03682    -0.001904
  65:     -0.009583     -0.01949     -0.03176      0.08299      0.06622
  70:       0.04672     -0.04545      -0.2092      -0.2393       -0.272
  75:       -0.2295      -0.2646     -0.01944       0.1726       0.1459
  80:        0.1205      0.09694      0.07552      0.05654      0.06507
  85:       0.05148      0.04038      0.03161      0.02485      0.01976
  90:       0.01601    -0.007659     -0.03104     -0.03254     -0.03384
  95:       -0.0351      0.05395      0.05223      0.05013      0.01168
 100:      -0.02872     -0.06697     -0.07206     -0.02737      0.01329
 105:      0.003167    -0.009506     -0.02516      -0.0442     -0.06703
 110:      -0.09376      -0.1244      -0.1586      -0.2221      -0.2894
 115:       -0.3311      -0.3726       0.2389       0.2192       0.2033
 120:        0.1921       0.2562       0.2563       0.2627       0.2751
 125:        0.2065       0.2313       0.3076       0.3388      -0.3365
 130:       -0.2935       -0.251      -0.2984      -0.2595       -0.225
 135:      -0.05399      0.09083     -0.08784     -0.07516     -0.07883
 140:      -0.08643     -0.08533     -0.08664     -0.06617     -0.07014
 145:       0.02445       0.1098       0.1052       0.1008      0.09633
 150:       0.09176    -0.003105      -0.1075       -0.114      -0.1214
 155:       -0.1296      -0.1382      -0.1392      -0.1397      -0.1467
 160:       -0.1521       0.2557       0.3224       0.2475       0.1683
 165:        0.2481      -0.1326      -0.1668      -0.2012      -0.1879
 170:       0.01824     -0.04341      -0.1095     -0.07129     -0.03423
 175:      -0.02211       0.1178       0.1287       0.1395       0.5349
 180:       -0.3376      -0.3326      -0.1981      -0.3877      -0.3916
 185:       -0.3704      -0.3538     -0.07867       0.1333       0.1151
 190:       0.09459      0.07222      0.04843      0.02352    -0.002406
 195:      -0.02928     -0.05735     -0.08686      -0.1181      -0.1513
 200:       -0.1869       0.1262      0.09176      0.05527      0.01745
 205:      -0.02069      -0.2028        -0.24      -0.2732      -0.3011
 210:         0.501       0.4923       0.4892       0.4918          0.5
 215:         0.158      -0.3922      -0.3605      -0.3262      -0.3537
 220:       -0.3837       -0.164         0.02      0.04109      0.05755
 225:       0.06938      0.07695     0.001017     -0.08484     -0.08642
 230:      -0.09003      -0.3165      -0.3227       0.1369       0.1323
 235:        0.1283        0.125      0.07321      0.07152      0.07047
 240:       0.06976      0.06905     -0.07405     -0.07645     -0.08055
 245:       -0.0869     -0.09604      -0.1083      -0.1239      -0.2444
 250:       -0.2676        -0.19      -0.1213    -0.005194       0.0957
 255:       0.07099      0.04689      0.09821       0.1474       0.1297
 260:        0.1141       0.1008       0.0897      0.08069      0.07359
 265:       0.06819      0.06421       0.0614      0.05951      0.05834
 270:       0.05781
