   0:             0            0      0.01622      0.05818      0.07237
   5:      -0.02858      0.02946       0.1353      0.05871     -0.06945
  10:      -0.09341      0.01864      0.04922       -0.078     -0.07731
  15:       0.04882      0.06718     0.001055     -0.01981      0.02023
  20:       0.07047       0.0799      0.03649     -0.01242     -0.01607
  25:        0.0175      0.04173      0.03817      0.01842    -0.007596
  30:      -0.02739     -0.03626     -0.05334      -0.0827     -0.09222
  35:      -0.06212       -0.013      0.02351       0.0323      0.01629
  40:     -0.003962     -0.00446      0.01238      0.02473      0.02331
  45:       0.01596     0.009149    -0.001669     -0.01675     -0.02135
  50:      -0.01274     -0.01284     -0.02571     -0.02317     0.002984
  55:       0.02505      0.02263     0.001056     -0.01803    -0.007822
  60:       0.03316      0.06659      0.06036      0.03597       0.0389
  65:       0.07354      0.09453       0.0672      0.01489     -0.01763
  70:       -0.0241     -0.02938     -0.04375     -0.05993     -0.07833
  75:      -0.09695     -0.09075     -0.04095      0.02637        0.068
  80:        0.0725      0.05086      0.01292     -0.02501     -0.04152
  85:      -0.03305     -0.01884     -0.01362    -0.007835      0.01068
  90:       0.03043      0.03022     0.007587     -0.02048     -0.03787
  95:      -0.04065     -0.03339     -0.02346     -0.01798     -0.01975
 100:      -0.02487     -0.02656     -0.02093    -0.008356     0.008743
 105:       0.02753      0.04531      0.05952      0.06693      0.06292
 110:       0.04555      0.02317      0.01156      0.01582      0.02157
 115:       0.01313    -0.006188     -0.01998     -0.01982     -0.01255
 120:     -0.007968    -0.007235    -0.005142     0.003695       0.0222
 125:       0.04624      0.06183      0.05427      0.02277     -0.01559
 130:      -0.03915     -0.04062     -0.03147     -0.02558     -0.02203
 135:     -0.008148      0.02067      0.04908      0.05346      0.02429
 140:      -0.02549      -0.0736      -0.1047      -0.1117     -0.08804
 145:      -0.03473      0.02475      0.05159      0.03053    -0.008503
 150:      -0.02592     -0.01792    -0.006039    0.0003791     0.005304
 155:       0.00516    -0.008637     -0.02916     -0.03166    0.0006818
 160:       0.05352       0.0918      0.09258      0.06183      0.02125
 165:       -0.0129     -0.03678     -0.05211     -0.05878     -0.05505
 170:      -0.04277     -0.02957     -0.02319     -0.02295     -0.01923
 175:     -0.003448      0.02201      0.04537      0.05672      0.05684
 180:       0.05512      0.05918      0.06641      0.06558       0.0475
 185:        0.0147      -0.0187     -0.03726      -0.0359      -0.0232
 190:      -0.01357     -0.01515     -0.02357     -0.02661     -0.01548
 195:      0.007113      0.02849      0.03574      0.02591      0.00846
 200:     -0.002153     0.001792      0.01476       0.0219      0.01015
 205:      -0.02194     -0.06243     -0.09303      -0.1005     -0.08526
 210:      -0.06105     -0.04522     -0.04538     -0.05219     -0.04491
 215:     -0.007348      0.05673       0.1214       0.1533       0.1342
 220:       0.07381     0.002586      -0.0481     -0.06423     -0.05339
 225:      -0.03563     -0.02943     -0.04164     -0.06571     -0.08706
 230:      -0.09155     -0.07235     -0.03238      0.01808      0.06608
 235:        0.1002       0.1128        0.101      0.06751      0.02071
 240:      -0.02616     -0.05874     -0.06735     -0.05229     -0.02492
 245:     -0.002486     0.001396     -0.01522     -0.04131     -0.05929
 250:      -0.05531     -0.02719      0.01422      0.05079      0.06644
 255:       0.05502      0.02267     -0.01607     -0.04563     -0.05642
 260:      -0.04815     -0.02858    -0.008759     0.002597     0.002974
 265:     -0.003692      -0.0101     -0.01002    -0.001574      0.01212
 270:       0.02468
