   0:             0            0      0.06378     -0.01781     -0.06988
   5:       0.03804      0.03868      0.02039      0.06572      0.09487
  10:        0.0852      0.03023      0.03572      0.08554      0.01552
  15:      -0.04709    -0.004013     0.009921     0.003314      0.02614
  20:       0.03028      0.02702      0.04904      0.04506      -0.0217
  25:      -0.05681     0.003427      0.06122      0.03713     -0.01313
  30:      -0.01448       0.0138    0.0002407     -0.02806      0.01441
  35:       0.06557      0.05203      0.03152      0.02767      0.02139
  40:       0.02908       0.0427      0.04354      0.03975       0.0275
  45:      0.005207     -0.01027      -0.0267     -0.05059      -0.0484
  50:      -0.01292      0.01392      0.01223      0.01026      0.02054
  55:       0.02733      0.03208      0.03247      0.01691     0.006517
  60:       0.01363     0.008283     -0.01892     -0.02703     -0.00302
  65:      0.005289     -0.01631     -0.02665    -0.005743      0.03608
  70:       0.07645      0.07798       0.0282    -0.008815      0.01071
  75:       0.01674     -0.04599      -0.1025     -0.07111    0.0002804
  80:       0.02884       0.0193      0.01783      0.03347      0.04508
  85:       0.04253      0.03339       0.0254      0.01974        0.016
  90:       0.01478      0.01384      0.00618     -0.01241     -0.03447
  95:      -0.04391     -0.03053    -0.001007      0.02542      0.03061
 100:      0.009652     -0.02443     -0.04819     -0.04548     -0.02114
 105:      0.004225      0.01485      0.01267     0.008946      0.01106
 110:       0.02356      0.05215      0.09228       0.1157      0.08375
 115:      -0.01596      -0.1471      -0.2417      -0.2468      -0.1646
 120:      -0.04978       0.0339      0.06274      0.06523      0.08854
 125:        0.1493       0.2122       0.2171       0.1349     0.003032
 130:       -0.1006      -0.1249     -0.08833     -0.04978     -0.04221
 135:      -0.04479      -0.0205      0.02963      0.06402      0.05382
 140:       0.01933    -0.001068   -0.0009019    -0.003328     -0.01982
 145:      -0.03352     -0.02533    -0.001243      0.01579      0.01396
 150:      0.001374     -0.01125     -0.02425     -0.03938     -0.04491
 155:      -0.02292        0.026      0.07195      0.07637      0.02701
 160:      -0.04506     -0.08483     -0.05803      0.01724      0.08421
 165:       0.09513      0.04713     -0.02163     -0.06377     -0.05471
 170:     -0.004419      0.05459      0.08869      0.07752      0.02147
 175:      -0.05349       -0.102     -0.08504     -0.00357      0.08722
 180:        0.1134       0.0556     -0.02134     -0.03763      0.01122
 185:       0.05621      0.03608     -0.03896      -0.1006     -0.09188
 190:       -0.0231      0.04318      0.05654      0.02156     -0.01843
 195:      -0.02647     0.000548      0.03775       0.0562      0.04289
 200:      0.005622     -0.03451     -0.05464     -0.04019     0.008354
 205:       0.07336       0.1249       0.1328      0.08133     -0.01972
 210:       -0.1343      -0.2127      -0.2136      -0.1276       0.0115
 215:        0.1374       0.1842       0.1261    -0.002455      -0.1249
 220:       -0.1722      -0.1285     -0.03777      0.03394      0.04822
 225:       0.01797     -0.01081   -4.276e-05      0.05104       0.1095
 230:        0.1376       0.1196      0.06682     0.004439     -0.04597
 235:       -0.0746     -0.08189     -0.07277      -0.0521      -0.0238
 240:      0.007642      0.03598       0.0544      0.05866      0.04981
 245:       0.03442      0.02111      0.01517      0.01508      0.01412
 250:      0.006172    -0.009424     -0.02773     -0.04176     -0.04618
 255:      -0.03887     -0.02082     0.004445      0.03164      0.05487
 260:        0.0691      0.07119      0.06026       0.0376     0.006625
 265:      -0.02719     -0.05676      -0.0748     -0.07607     -0.05925
 270:      -0.02777
