   0:             0            0      0.06157      -0.0175      -0.1121
   5:      -0.08671     -0.04985     -0.03973      0.01493      0.05551
  10:       0.02877     0.004784     -0.04457      -0.1074     -0.07282
  15:     -0.008399     0.008459      0.01816      0.01837    -0.005592
  20:      -0.01803     0.008289      0.03501      0.04978      0.09558
  25:        0.1081      0.03931    -0.006594    -0.008884     -0.02481
  30:      -0.02087      0.01395      0.01715     0.003465       0.0335
  35:       0.05242      0.01412     0.001323       0.0134    -0.004089
  40:      -0.00908     0.002912    -0.005615     -0.01164     -0.01616
  45:      -0.02141     0.002218      0.01202    -0.005734      0.01894
  50:       0.03795       -0.026     -0.05601     0.003555      0.01912
  55:      -0.01789    -0.008721      0.02893      0.04804      0.05189
  60:       0.04599       0.0312    -0.009046     -0.05086     -0.03421
  65:      0.006839     0.005353     0.002162      0.02457       0.0282
  70:       0.01488    0.0008164     -0.02532     -0.02828     0.005785
  75:      0.007676     -0.02848     -0.02894    -0.004175     -0.01333
  80:      -0.02757    -0.003586      0.02737      0.03708       0.0361
  85:       0.01812     -0.02862     -0.07549     -0.07257     -0.01261
  90:       0.04137      0.03865     0.002923     -0.02968     -0.04974
  95:       -0.0403    -0.008333    0.0006584      -0.0195     -0.02642
 100:      -0.01057     -0.01244     -0.04865     -0.07694     -0.04949
 105:       0.01635      0.04938      0.02491    -0.007901     -0.02722
 110:      -0.06742      -0.1089      -0.0698      0.05199       0.1463
 115:        0.1376      0.06899      0.01667    -0.001819     -0.01324
 120:      -0.03089     -0.04193     -0.03549     -0.01853    -0.008276
 125:      -0.01724     -0.03997     -0.05428     -0.04066    -0.001543
 130:       0.03837      0.05158      0.02943     -0.01321     -0.04962
 135:      -0.05786     -0.03609    -0.005769     0.006969    -0.003725
 140:      -0.02025     -0.02429      -0.0169    -0.009774    -0.001141
 145:        0.0248      0.06669      0.08673      0.03701     -0.09361
 150:       -0.2602      -0.3846      -0.3998      -0.2869     -0.08331
 155:        0.1376       0.3006       0.3567        0.296       0.1508
 160:      -0.01371      -0.1261      -0.1463     -0.08831    -0.007365
 165:       0.04081      0.03797     0.008913    -0.009239    -0.002894
 170:       0.01408      0.02386      0.02128      0.01066    -0.001699
 175:     -0.008835    -0.003878       0.0132      0.03004      0.02906
 180:      0.004538     -0.02785     -0.04175     -0.02422      0.01069
 185:       0.03529       0.0361      0.02568      0.02481      0.03466
 190:       0.03114    -0.008434     -0.07106      -0.1057     -0.06508
 195:       0.04307       0.1483       0.1702      0.08822     -0.03892
 200:       -0.1238      -0.1188     -0.03902      0.06591       0.1492
 205:        0.1833       0.1594      0.08373      -0.0253      -0.1404
 210:       -0.2318      -0.2756      -0.2606      -0.1921     -0.09005
 215:       0.01688      0.09965       0.1372        0.122      0.06196
 220:      -0.02188      -0.1016        -0.15      -0.1494     -0.09788
 225:      -0.01157      0.07888       0.1388       0.1437      0.09182
 230:      0.007325      -0.0698      -0.1043     -0.08518     -0.03139
 235:       0.02211      0.04734       0.0392      0.01407    -0.005537
 240:      -0.00744     0.004224      0.01589      0.01668     0.005569
 245:      -0.01024     -0.02208     -0.02558     -0.02211     -0.01615
 250:      -0.01127    -0.007522    -0.002242     0.006578       0.0171
 255:       0.02355      0.01984     0.004483     -0.01669     -0.03256
 260:      -0.03332     -0.01764     0.005541      0.02293      0.02602
 265:       0.01602      0.00123    -0.009629     -0.01269    -0.009601
 270:     -0.004703
