   0:             0            0       0.1015     -0.01275     -0.09229
   5:      -0.08194     -0.04943       -0.044     0.008115       0.0481
  10:       0.02508     0.006554     -0.04512      -0.1044     -0.06631
  15:    -0.0001187      0.01863       0.0248      0.02063    -0.007733
  20:      -0.02681    -0.004854      0.02552        0.048       0.1005
  25:         0.114      0.03788     -0.01246     -0.01066     -0.02662
  30:      -0.02653     0.008528      0.01542     0.002865      0.03403
  35:       0.05387      0.01051    -0.003932     0.007894     -0.01433
  40:      -0.01695    0.0001293     -0.01038     -0.01314     -0.01466
  45:      -0.03012    -0.006612      0.01565    -0.001175      0.01852
  50:       0.03885     -0.02882     -0.06234    0.0009518      0.01701
  55:      -0.01973    -0.006817      0.02873      0.04825      0.05736
  60:       0.04826      0.03101    -0.007921     -0.05586     -0.04413
  65:      0.001437    0.0008858    0.0005151      0.02883      0.02608
  70:      0.008362     0.002459     -0.02262     -0.03341    0.0006121
  75:      0.003901     -0.03813     -0.04048     -0.01429     -0.02638
  80:        -0.039    -0.004974      0.03247      0.04173      0.03859
  85:       0.01569     -0.03528     -0.08297     -0.08185     -0.01952
  90:       0.04182      0.04331      0.01054     -0.02176     -0.05273
  95:      -0.05553     -0.02327    -0.006138     -0.01891     -0.02317
 100:      -0.01235     -0.02216     -0.05909     -0.08317     -0.05032
 105:       0.02813      0.06961      0.02993     -0.02472     -0.04697
 110:      -0.08364      -0.1356       -0.103       0.0353       0.1461
 115:        0.1398      0.07436      0.03114      0.01698   -0.0006764
 120:      -0.02807     -0.04514     -0.04296     -0.03132     -0.02463
 125:      -0.03263     -0.05087     -0.05938     -0.04081    0.0008977
 130:       0.04154       0.0557      0.03565    -0.007252     -0.05153
 135:      -0.07304        -0.06     -0.02855      -0.0106     -0.01824
 140:      -0.02862     -0.01376      0.01985      0.03689        0.024
 145:       0.01253      0.02925       0.0467     0.009311      -0.1037
 150:       -0.2527      -0.3631      -0.3711      -0.2604     -0.06902
 155:        0.1344       0.2845       0.3409       0.2935        0.164
 160:      0.007492      -0.1055      -0.1302     -0.07954     -0.01077
 165:       0.02303      0.01233    -0.009863    -0.008353      0.01598
 170:       0.03528      0.03408      0.02189      0.01134     0.002548
 175:     -0.007243     -0.01052     0.002709      0.02554      0.03386
 180:       0.01133     -0.02809     -0.04769     -0.02337      0.02818
 185:       0.06256      0.05202      0.01382    -0.009111     0.003866
 190:       0.02496     0.006644     -0.05843      -0.1121     -0.07936
 195:       0.04855       0.1854       0.2193       0.1196     -0.03074
 200:       -0.1178     -0.09868     -0.01415      0.07406       0.1312
 205:         0.149       0.1282      0.07025     -0.01839       -0.122
 210:       -0.2167      -0.2766      -0.2834       -0.233      -0.1383
 215:      -0.02593      0.07146       0.1257        0.122      0.06367
 220:      -0.02792      -0.1197      -0.1768      -0.1737       -0.105
 225:      0.009843         0.13       0.2069       0.2061       0.1262
 230:      0.004255      -0.1012      -0.1425      -0.1116     -0.04226
 235:       0.01647      0.03462      0.01704    -0.007122    -0.009805
 240:       0.01452      0.04624      0.05815      0.03778    -0.004358
 245:       -0.0452     -0.06639     -0.06415     -0.04748     -0.02914
 250:      -0.01682    -0.009527    -0.001077      0.01239       0.0272
 255:       0.03351      0.02204    -0.008794     -0.04901     -0.07896
 260:      -0.07897     -0.04382     0.009959      0.05395      0.06823
 265:       0.05359      0.02578    0.0003693     -0.01663     -0.02649
 270:      -0.03171
