   0:             0            0      0.02592    -0.009757     -0.07675
   5:       0.04328       0.0389      0.01207      0.06177      0.09244
  10:        0.0888      0.03724      0.04218      0.09751      0.01813
  15:      -0.04756     0.005304      0.01486     0.004136      0.03041
  20:       0.03336      0.02795      0.05072      0.04717     -0.02309
  25:      -0.06302    -0.004989       0.0518      0.02769     -0.02144
  30:      -0.02181     0.008539    -0.004128     -0.03172      0.01452
  35:       0.06767      0.05167      0.03042       0.0282      0.02269
  40:       0.02974      0.04303      0.04453      0.04145      0.02816
  45:      0.004341     -0.01041     -0.02552     -0.05015     -0.04908
  50:      -0.01336      0.01411      0.01205     0.009081      0.01868
  55:       0.02744      0.03552      0.03612      0.01808     0.006483
  60:       0.01423     0.008498     -0.02093     -0.02986    -0.004473
  65:      0.006046     -0.01584     -0.02862    -0.007578      0.03667
  70:       0.07878      0.07949      0.02608     -0.01343     0.009716
  75:       0.02051     -0.04371       -0.103     -0.06999     0.003455
  80:       0.03118      0.01995      0.01844      0.03552      0.04828
  85:       0.04566      0.03541      0.02594      0.01943      0.01611
  90:       0.01626      0.01647     0.008733     -0.01132      -0.0357
  95:      -0.04732     -0.03491    -0.004758      0.02308      0.02931
 100:      0.008703     -0.02534     -0.04893     -0.04568     -0.02079
 105:      0.004236      0.01295     0.007494    0.0003384     0.001372
 110:       0.01769       0.0548       0.1036       0.1296      0.09184
 115:      -0.01744      -0.1539      -0.2462      -0.2469      -0.1651
 120:      -0.05517      0.02776      0.06697      0.08687       0.1216
 125:         0.178       0.2247       0.2155       0.1316     0.006107
 130:      -0.09621      -0.1301      -0.1048     -0.06609     -0.04518
 135:      -0.03316    -0.006403      0.03328      0.05697       0.0464
 140:       0.01722    -0.003452    -0.009753      -0.0154     -0.02733
 145:      -0.03454     -0.02428   -0.0004443      0.01971      0.02362
 150:       0.01209    -0.008047     -0.03115     -0.04924     -0.04805
 155:      -0.01687      0.03441      0.07304      0.06602      0.01015
 160:      -0.05876     -0.08961     -0.05593      0.02129      0.08849
 165:        0.1003       0.0518     -0.02059     -0.06723     -0.05886
 170:      -0.00323      0.06378       0.1013      0.08487      0.01934
 175:      -0.05971      -0.1023     -0.07683     0.002483      0.07893
 180:       0.09544      0.04559     -0.01708     -0.03194     0.005082
 185:       0.04034      0.02479      -0.0336     -0.08102     -0.07364
 190:      -0.01905       0.0352      0.04884       0.0221     -0.01265
 195:      -0.02351    -0.003437      0.02909      0.04732      0.03583
 200:    -6.946e-05     -0.03831     -0.05287     -0.02806      0.03187
 205:        0.1022       0.1475       0.1387      0.06849     -0.04205
 210:       -0.1504      -0.2102      -0.1928      -0.1022      0.02386
 215:        0.1296       0.1673       0.1226      0.02298     -0.07721
 220:       -0.1276      -0.1109     -0.04977      0.01159      0.03865
 225:       0.02785     0.003903    -0.002956      0.01941      0.05809
 230:       0.08758      0.08869      0.05941      0.01278     -0.03276
 235:      -0.06275      -0.0711     -0.05965     -0.03506    -0.005675
 240:       0.02062      0.03766      0.04228      0.03524      0.02134
 245:      0.007728     0.000602     0.001933     0.008183      0.01248
 250:      0.009027    -0.003321     -0.02063     -0.03628     -0.04405
 255:      -0.04026     -0.02461   -7.189e-05      0.02787      0.05263
 260:       0.06815       0.0704      0.05835       0.0342     0.003012
 265:      -0.02836     -0.05278     -0.06464      -0.0614      -0.0444
 270:      -0.01849
