   0:             0            0      0.04926      0.04998     -0.03196
   5:      -0.03365     -0.04962     -0.01414      0.04241      0.02535
  10:     -0.007369     -0.05817      -0.1072     -0.02598      0.08366
  15:       0.06098     0.002721     -0.01822     -0.01628     -0.01298
  20:      -0.03066     -0.03901     -0.02732     -0.00361      0.02216
  25:      -0.02204     -0.07766     -0.02216      0.04226      0.03147
  30:       0.01237    0.0006315     0.005991      0.01734     -0.03801
  35:       -0.1087     -0.07199     0.006471    0.0004025     -0.03987
  40:      -0.02507     0.003545    -0.004399    -0.002369      0.04345
  45:       0.08369      0.07524      0.04119      0.02011      0.02044
  50:       0.03194      0.04584      0.05087        0.029     -0.01761
  55:      -0.04716     -0.02182      0.03589      0.07017      0.07237
  60:       0.07825      0.08286       0.0421     -0.03215     -0.07257
  65:      -0.05243     -0.01154     0.008333      0.00937      0.01218
  70:       0.02045      0.02107     0.004227     -0.01636     -0.01063
  75:       0.02197      0.03274     -0.01098     -0.06409     -0.05731
  80:      0.003808      0.04724      0.03398    -0.008452     -0.04156
  85:      -0.05047     -0.03336     0.001037      0.02396     0.007587
  90:      -0.03351     -0.05307     -0.03365     -0.00468     0.003346
  95:      -0.00539     -0.01024    -0.008151     -0.01121     -0.02079
 100:      -0.02455     -0.01873     -0.01767     -0.03192     -0.04739
 105:      -0.04028    -0.009196      0.02257      0.03702      0.03749
 110:       0.03146      0.01449     -0.01735     -0.04645     -0.04176
 115:      0.003614      0.05155      0.04959     -0.01604      -0.1019
 120:       -0.1416     -0.09952     0.001985       0.1026       0.1494
 125:        0.1264      0.05193     -0.04065      -0.1186       -0.156
 130:       -0.1389     -0.07312      0.01105       0.0673      0.06111
 135:     0.0006796      -0.0619     -0.07437      -0.0361     0.002767
 140:     0.0008126     -0.02612     -0.02742      0.01568      0.06136
 145:       0.05396    -0.009259     -0.07165     -0.07669     -0.02327
 150:       0.04003      0.06524      0.04368     0.001472     -0.03171
 155:      -0.04503     -0.04243     -0.02705     0.002199      0.03999
 160:       0.06747      0.06146      0.01315     -0.06067      -0.1246
 165:       -0.1451      -0.1107     -0.03762      0.04041      0.09082
 170:       0.09716      0.06334     0.007378     -0.04901     -0.08848
 175:       -0.1008     -0.08246     -0.03611      0.02805      0.09226
 180:        0.1352       0.1395      0.09939      0.02342     -0.06796
 185:       -0.1496      -0.1999      -0.2072      -0.1727       -0.108
 190:      -0.03091      0.04132      0.09614       0.1275       0.1345
 195:        0.1193      0.08488      0.03645     -0.01721     -0.06339
 200:      -0.08899     -0.08671     -0.06005      -0.0226     0.009193
 205:       0.02574      0.02889      0.02737      0.02726      0.02717
 210:       0.02216      0.01083    -0.002545     -0.01203     -0.01496
 215:       -0.0131     -0.01002    -0.007637    -0.004995    0.0001538
 220:      0.008664      0.01853      0.02579      0.02686      0.02062
 225:      0.008778    -0.005154     -0.01749     -0.02553       -0.028
 230:      -0.02496     -0.01765    -0.008501       -0.001     0.001135
 235:     -0.004136     -0.01512     -0.02596     -0.02903      -0.0192
 240:       0.00254      0.02872      0.04871      0.05393      0.04193
 245:       0.01737     -0.01049     -0.03216     -0.04174     -0.03864
 250:       -0.0266     -0.01121     0.002686      0.01242      0.01759
 255:       0.01909      0.01808      0.01543      0.01166     0.007355
 260:      0.003168   -0.0004543      -0.0037    -0.007365     -0.01218
 265:      -0.01797     -0.02328     -0.02598     -0.02442     -0.01843
 270:     -0.009675
