   0:       0.00517     0.002647   -0.0003226    -0.002928    -0.003232
   5:     -0.002262   -0.0005112     0.001345     0.002464     0.002828
  10:       0.00287     0.002771     0.002152    0.0008998   -0.0004711
  15:     -0.001681    -0.003166    -0.003932     0.001635       0.0178
  20:       0.03242      0.02483   -0.0002594     -0.01489     -0.01004
  25:     -0.001696   -5.035e-06    -0.001418    -0.002121    -0.002447
  30:     -0.003248    -0.004391    -0.005674    -0.007278    -0.007764
  35:     -0.002259     0.008219     0.002645     -0.03353      -0.0581
  40:      -0.02018      0.04009      0.04926      0.01885    0.0008757
  45:      0.002193     0.004483     0.002604   -0.0002625    -0.004528
  50:      -0.01139     -0.01279     0.004049      0.02933      0.03084
  55:      0.002835     -0.01964     -0.01358     0.003577     0.009942
  60:      0.006178     0.002594     0.002469     0.003291     0.003088
  65:     0.0009074    -0.003353    -0.003964     0.007839      0.01945
  70:     -0.004624     -0.05692      -0.0615     0.009102      0.06685
  75:       0.04915     0.008301    -0.004097   -0.0002142     0.001394
  80:      0.006605      0.01693      0.01597    -0.002441     -0.01764
  85:      -0.01425    -0.003298    0.0009687   -2.424e-05     0.003367
  90:       0.01371      0.01432     -0.01253     -0.04079     -0.02372
  95:       0.02002      0.03022     0.005139     -0.02071     -0.02843
 100:      0.003484      0.05128      0.05272     0.004121     -0.03348
 105:      -0.02276     0.004368      0.01076     0.001097    -0.004175
 110:    -0.0003198     0.006231      0.01001     0.008267     0.001788
 115:      -0.00183     0.004318      0.01224     0.006888    -0.008599
 120:      -0.01573    -0.009507    -0.002067   -0.0001648     0.000915
 125:      0.004446     0.006998     0.005849     0.005633      0.01179
 130:       0.01511    -0.000142     -0.02227     -0.01948     0.007476
 135:       0.02663      0.02417     0.007082     -0.01705     -0.02882
 140:      -0.01111      0.01609      0.02123     0.003086     -0.01853
 145:      -0.02029      0.01003      0.04282      0.02857     -0.02232
 150:      -0.04705     -0.02576      0.00063     0.004716    0.0005167
 155:      0.004611      0.01218      0.01187     0.004134     0.001692
 160:       0.01016      0.01182     -0.01004     -0.03237     -0.01804
 165:       0.01885      0.02959     0.008925     -0.00491     0.000312
 170:     7.343e-05     -0.01363     -0.01715    0.0001099      0.01526
 175:       0.01021    -0.001287    0.0001669     0.009157     0.005878
 180:      -0.01068      -0.0171    -0.001746      0.01463      0.01216
 185:     0.0006594    -0.002558     0.001447     0.003237     0.001806
 190:      0.001656      0.00314     0.002422   -0.0009476    -0.001522
 195:       0.00223    0.0007908    -0.009989      -0.0109      0.01439
 200:       0.04016      0.02649     -0.01561     -0.03569     -0.01688
 205:      0.008596       0.0143     0.007617     0.004085     0.004419
 210:      0.003033    0.0003027   -0.0003851    0.0005813    0.0004669
 215:     -0.001319    -0.003274    -0.003969    -0.002272      0.00243
