   0:      1.79e-06     2.38e-05    1.812e-05    3.736e-06   -2.541e-05
   5:    -0.0001498   -0.0003438   -8.655e-05    0.0006499    0.0005921
  10:     -0.000121   -0.0003381   -0.0001546   -3.162e-05   -3.307e-06
  15:    -1.705e-07    3.602e-07     6.83e-06    6.184e-05     0.000276
  20:     0.0005236    5.981e-05   -0.0009927   -0.0009119     0.000193
  25:     0.0005018    0.0002077    3.654e-05    2.996e-06   -3.249e-06
  30:    -3.404e-05   -0.0001655   -0.0003378   -4.731e-05    0.0006561
  35:     0.0005691    -0.000125   -0.0003361   -0.0001558   -3.228e-05
  40:    -3.362e-06   -1.343e-07    7.063e-07     1.13e-05    9.392e-05
  45:     0.0003911    0.0006985    4.187e-05     -0.00134    -0.001217
  50:     0.0002654    0.0006558    0.0001906   -0.0001254   -2.463e-05
  55:     0.0003319    0.0002885   -7.065e-05   -0.0001685   -7.225e-05
  60:    -1.348e-05   -1.251e-06    2.199e-09     3.15e-07    4.652e-06
  65:     4.104e-05    0.0001814    0.0003429    3.447e-05   -0.0006582
  70:     -0.000592     0.000129    0.0003322    0.0001408    2.576e-05
  75:     2.327e-06    1.081e-07   -2.075e-08   -2.843e-08   -4.315e-07
  80:     -7.84e-06   -7.328e-05   -0.0003392    -0.000662   -6.984e-05
  85:      0.001285     0.001117   -0.0001873   -0.0006658   -0.0003555
  90:    -8.831e-05   -1.166e-05   -8.583e-07   -3.705e-08    1.511e-08
  95:     7.167e-09   -4.344e-08   -4.084e-07   -4.635e-06   -3.047e-05
 100:    -0.0001048   -0.0001585    1.063e-05    0.0003103    0.0002849
 105:    -1.682e-05   -0.0001588   -9.969e-05   -2.952e-05   -4.849e-06
 110:    -4.537e-07    6.212e-08    1.429e-06    1.376e-05    7.594e-05
 115:     0.0002285    0.0003075   -5.322e-05   -0.0006251   -0.0005707
 120:     3.741e-05    0.0003172    0.0001929    6.479e-05    7.496e-05
 125:     0.0002183    0.0003164    -2.77e-05   -0.0006209   -0.0005849
 130:     8.934e-06    0.0002141    3.527e-05     9.86e-05    0.0004301
 135:     0.0004342   -5.077e-05   -0.0004758   -0.0003747    8.171e-06
 140:     0.0001889    0.0002001    0.0001834   -1.387e-05   -0.0003176
 145:    -0.0002847     3.07e-05    0.0001621    9.142e-05    2.368e-05
 150:     3.228e-06    2.283e-07    -2.74e-08   -1.261e-06   -1.496e-05
 155:    -9.456e-05   -0.0003158   -0.0004644    4.945e-05    0.0009258
 160:     0.0008311   -3.709e-05   -0.0004687   -0.0003156   -0.0001053
 165:    -4.527e-05   -0.0001308   -0.0003477   -0.0004208    0.0001196
 170:      0.000895    0.0008057    2.414e-05    -0.000433   -0.0003424
 175:    -0.0001327   -2.941e-05    5.096e-06    5.774e-05    0.0002239
 180:     0.0005036     0.000516   -0.0002209     -0.00117    -0.001097
 185:    -5.207e-05    0.0005654     0.000429    0.0001548    3.231e-05
 190:     4.126e-06    3.132e-07    3.717e-08    1.333e-07     8.66e-07
 195:     4.262e-06    1.309e-05    2.353e-05    2.074e-05   -1.116e-06
