   0:     1.822e-06    2.383e-05    1.818e-05    5.729e-06   -1.923e-06
   5:    -3.074e-05   -0.0001586   -0.0003394   -5.965e-05    0.0006598
  10:     0.0005708   -0.0001369   -0.0003369   -0.0001493   -2.914e-05
  15:    -2.787e-06   -1.425e-07    -4.07e-09     1.63e-08    2.678e-08
  20:    -6.232e-09   -2.259e-08    4.628e-07    7.714e-06    6.613e-05
  25:     0.0002837    0.0005206    4.474e-05   -0.0009918   -0.0009074
  30:     0.0001847    0.0005023    0.0002134     3.87e-05    3.407e-06
  35:     1.562e-07   -1.906e-07   -3.778e-06    -3.59e-05   -0.0001694
  40:    -0.0003368   -4.302e-05    0.0006493    0.0005724   -0.0001096
  45:    -0.0003349   -0.0001631   -3.594e-05   -4.087e-06   -2.609e-07
  50:    -2.341e-08   -5.852e-09    1.629e-08    1.662e-08    3.982e-08
  55:     1.062e-06    1.461e-05    0.0001074    0.0004082    0.0006774
  60:     1.637e-06    -0.001314    -0.001193    0.0002268    0.0006625
  65:     0.0002887     3.69e-05   -8.036e-05   -0.0001711   -2.348e-05
  70:     0.0003288    0.0002917   -5.949e-05    -0.000169   -7.828e-05
  75:    -1.604e-05   -1.309e-06    5.033e-06    4.394e-05    0.0001885
  80:      0.000345    2.795e-05   -0.0006584   -0.0005998    0.0001136
  85:     0.0003283    7.588e-05   -0.0003145   -0.0006626    -6.97e-05
  90:      0.001282     0.001129   -0.0001698   -0.0006664   -0.0003651
  95:    -9.334e-05    -1.28e-05   -1.001e-06   -3.296e-08   -2.064e-09
 100:    -4.432e-07   -4.951e-06   -3.115e-05   -0.0001046    -0.000156
 105:     1.069e-05    0.0003043    0.0002836   -1.028e-05   -0.0001553
 110:    -0.0001014   -3.142e-05   -5.485e-06   -5.631e-07    4.486e-08
 115:     1.412e-06    1.369e-05    7.529e-05    0.0002259    0.0003052
 120:     -4.45e-05   -0.0006089   -0.0005727    2.797e-05    0.0003773
 125:     0.0004185    0.0003767    -2.47e-05    -0.000629   -0.0005792
 130:     4.733e-05    0.0003077    8.859e-05   -0.0002899   -0.0005121
 135:     3.671e-05     0.001022    0.0009207   -4.724e-05   -0.0005204
 140:    -0.0003449   -0.0001097   -1.974e-05   -2.116e-06   -1.049e-07
 145:     2.063e-07    2.693e-06    2.141e-05    0.0001017    0.0002726
 150:     0.0003308   -8.763e-05   -0.0006971   -0.0006411     1.36e-05
 155:     0.0003553    0.0002709    0.0001876    0.0001646   -2.736e-05
 160:    -0.0003102   -0.0002822    1.401e-05    0.0001574    0.0001062
 165:     6.629e-05    0.0001165    0.0001536   -2.137e-05   -0.0003055
 170:    -0.0002851    8.964e-06    0.0001549    0.0001003    3.057e-05
 175:     5.199e-06    5.165e-07    4.608e-08    1.269e-08   -7.064e-09
 180:    -7.637e-09   -1.063e-08   -1.533e-07   -2.351e-06   -2.165e-05
 185:    -0.0001152   -0.0003361   -0.0004379    9.352e-05    0.0009056
 190:      0.000815    2.164e-06   -0.0004469   -0.0003328   -0.0001199
 195:    -2.075e-05    1.045e-05    2.319e-05    1.978e-05   -1.677e-06
