   0:     1.674e-06    2.091e-05   -1.222e-05   -0.0001517   -0.0003382
   5:    -6.081e-05    0.0006597    0.0005703   -0.0001385   -0.0003366
  10:    -0.0001483   -2.874e-05   -2.737e-06   -1.042e-07    2.718e-08
  15:    -1.197e-08   -6.924e-09    1.878e-08    1.385e-08    6.059e-07
  20:     8.867e-06    7.005e-05    0.0002864    0.0005082    2.569e-05
  25:    -0.0009833   -0.0008829    0.0001878    0.0004934    0.0002097
  30:     3.845e-05    3.463e-06    1.496e-07    3.958e-09   -1.109e-09
  35:    -6.578e-09   -1.576e-07   -3.321e-06   -3.393e-05   -0.0001657
  40:     -0.000338   -5.603e-05    0.0006387    0.0005835   -9.362e-05
  45:    -0.0003333   -0.0001686   -3.903e-05   -4.761e-06      5.8e-07
  50:     1.287e-05    0.0001009    0.0004018    0.0006915    2.247e-05
  55:     -0.001331    -0.001212    0.0002435    0.0006711    0.0002844
  60:     5.072e-05    2.622e-06   -1.678e-05   -8.382e-05   -0.0001721
  65:    -2.749e-05    0.0003282    0.0002941   -5.908e-05   -0.0001693
  70:    -7.819e-05   -1.559e-05    3.647e-06    4.352e-05     0.000185
  75:     0.0003385    3.025e-05   -0.0006435   -0.0005927    0.0001053
  80:     0.0003291    0.0001507    3.051e-05    3.156e-06    1.511e-07
  85:     9.222e-09    9.125e-09    1.582e-09   -3.875e-07   -7.851e-06
  90:    -7.463e-05    -0.000344   -0.0006656   -7.852e-05     0.001266
  95:      0.001143   -0.0001397   -0.0006614    -0.000377   -0.0001011
 100:    -1.482e-05   -1.235e-06   -3.306e-08    -2.89e-08    -5.83e-07
 105:    -5.896e-06   -3.444e-05   -0.0001089   -0.0001531    2.344e-05
 110:     0.0003115    0.0002769   -1.928e-05   -0.0001579   -9.976e-05
 115:    -2.982e-05    -4.92e-06   -4.641e-07    2.163e-09    2.457e-08
 120:     1.078e-07    1.768e-06    1.588e-05    8.214e-05    0.0002344
 125:     0.0002999   -6.794e-05   -0.0006235   -0.0005644     3.16e-05
 130:     0.0003144    0.0001963    5.712e-05    9.155e-06    2.209e-06
 135:     1.361e-05     7.52e-05    0.0002272    0.0003074   -5.148e-05
 140:    -0.0006239   -0.0005702    3.807e-05    0.0003154    0.0001743
 145:     -5.07e-05   -0.0003363   -0.0005047     4.36e-05    0.0009914
 150:     0.0009187    -2.95e-06   -0.0004989   -0.0003588   -0.0001251
 155:    -2.535e-05   -3.147e-06   -1.927e-07    6.141e-09   -2.702e-08
 160:    -1.492e-08    9.953e-09    2.609e-07     3.28e-06    2.459e-05
 165:     0.0001108    0.0002822    0.0003244   -0.0001054   -0.0007015
 170:    -0.0006411    4.665e-06    0.0003557    0.0002828    0.0001962
 175:      0.000162    -3.18e-05   -0.0003047   -0.0002814    3.895e-06
 180:     0.0001609    0.0001467    0.0001514    0.0001532   -3.604e-05
 185:    -0.0003086   -0.0002784    1.028e-05    0.0001547    0.0001021
 190:      3.18e-05    5.468e-06    5.536e-07    1.262e-07    6.851e-07
 195:     3.711e-06    1.225e-05    2.311e-05    2.085e-05   -1.359e-06
