   0:           1.5          1.5          1.5          1.5          1.5
   5:          1.66        1.662        1.664        1.666        1.668
  10:          1.67        1.672        1.674        1.726        1.728
  15:          1.73        1.732        1.734        1.736        1.598
  20:           1.6        1.602        1.604        1.606        1.608
  25:          1.65        1.652        1.654        1.656        1.658
  30:          1.66        1.662        1.664        1.716        1.718
  35:          1.72        1.722        1.724        1.726        1.598
  40:           1.6        1.602        1.604        1.606        1.688
  45:          1.69        1.772        1.774        1.776        1.778
  50:          1.78        1.782        1.784        1.786        1.788
  55:          1.79        1.792        1.714        1.716        1.648
  60:          1.65        1.702        1.704        1.776        1.778
  65:           1.7        1.702        1.704        1.706        1.708
  70:          1.67        1.702        1.704        1.706        1.848
  75:          1.85        1.852        1.854        1.856        1.858
  80:          1.81        1.812        1.814        1.816        1.818
  85:          1.82        1.892        1.894        1.896        1.898
  90:           1.9        1.772        1.774        1.746        1.748
  95:          1.86        1.862        1.864        1.866        1.868
 100:           1.8        1.802        1.804        1.806        1.808
 105:          1.81        1.812        1.814        1.816        1.748
 110:          1.75        1.752        1.754        1.756        1.828
 115:          1.83        1.832        1.834        1.836        1.838
 120:          1.84        1.842        1.844        1.846        1.848
 125:          1.97        1.972        1.974        1.976        1.978
 130:          1.85        1.802        1.804        1.806        1.808
 135:          1.87        1.872        1.874        2.414        2.417
 140:          2.42        2.423        2.426        2.429        2.432
 145:         2.465        2.468        2.471        2.474        2.477
 150:          2.48        2.483        2.486        2.489        2.492
 155:         2.495        2.498        2.501        2.454        2.457
 160:          2.46        2.463        2.466        2.469        2.472
 165:         2.475        2.588        2.591        2.594        2.597
 170:          2.51        2.513        2.476        2.479        2.482
 175:         2.485        2.488        2.611        2.614        2.617
 180:          2.62        2.623        2.626        2.629        2.632
 185:         2.635        2.638        2.641        2.644        2.647
 190:          2.65        2.653        2.656        2.659        2.662
 195:         2.665        2.608        2.611        2.614        2.617
 200:          2.62        3.953        3.966        3.979        4.132
 205:         4.145        4.158        4.171        4.184        4.017
 210:          4.03        4.043        4.156        4.169         2.77
 215:         2.775         2.78        2.785         2.79        2.695
 220:           2.7        2.705         2.71        2.715         2.72
 225:         3.075         3.08        2.815         2.82        2.825
 230:          2.83        2.835         2.81        2.815         2.82
 235:         2.825         2.86        2.865         2.87        2.875
 240:          2.88        2.885         2.89        2.895          2.9
 245:         2.905         2.91        2.915         2.94        2.945
 250:          2.95        2.955         2.96        2.965         2.97
 255:         2.975         2.86        2.865         2.87        3.145
 260:             3        3.005         3.01        2.945         2.95
 265:         2.955         2.96        3.035         3.04        3.045
 270:          3.05        3.255         3.26        3.265         3.27
 275:         3.275         3.28            4            4            4
 280:             4            4          2.5          2.5          2.5
 285:           2.5          2.5          2.5         2.65         2.65
 290:          2.44         2.44         2.44         2.44          2.5
 295:           2.5          2.5          2.5          5.5          5.5
 300:           5.5          5.5          5.5          5.5          5.5
 305:           5.5          5.5          5.5          5.5          5.5
 310:           5.5          5.5          5.5          5.5          5.5
 315:           5.5         3.25          3.9          3.9          3.9
 320:           3.7          3.7          3.7          3.7          3.7
 325:           3.7          3.6          3.6          3.6          3.6
 330:           3.6          3.6          3.6         3.35         3.35
 335:          3.35         3.35         3.35         3.35         3.35
 340:           3.2          3.2          3.2          3.2          3.2
 345:           3.2          3.6          3.6          3.6          3.6
 350:           3.6          3.6          3.6          3.6         4.12
 355:          4.12         4.44         4.44         4.44         4.44
 360:          4.44         4.44         4.55         4.55         4.55
 365:          4.55         4.55         4.55          3.5          3.5
 370:           3.5          3.5          3.5          3.5          3.5
 375:           3.5
