   0:             0            0      0.02383       0.0166     -0.01103
   5:      -0.01738     -0.00496     0.004111     0.001225     -0.00395
  10:     -0.002511     0.003285     0.006726     0.005901     0.003994
  15:       0.00386     0.005184     0.006112     0.005572     0.003721
  20:      0.001265    -0.001068    -0.002783    -0.003781    -0.004274
  25:     -0.004509    -0.004613    -0.004621    -0.004533    -0.004317
  30:     -0.003917    -0.003274    -0.002353    -0.001169    0.0001922
  35:      0.001548     0.002677     0.003422     0.003732     0.003579
  40:      0.002881     0.001632    0.0001542   -0.0009744      -0.0015
  45:     -0.001873    -0.002572    -0.003167     -0.00299    -0.002996
  50:     -0.005259      -0.0093     -0.01116    -0.009122    -0.007691
  55:      -0.01027     -0.01127    -0.004753     0.003009     0.003938
  60:      0.004363      0.01034      0.01075     0.002001    0.0002761
  65:      0.000233     -0.02307     -0.04734      -0.0225      0.03342
  70:        0.0553      0.03529      0.01601      0.01069     0.002921
  75:     -0.007819     -0.01072    -0.008307    -0.008643     -0.01045
  80:     -0.009245    -0.005934    -0.002949     0.000369     0.004902
  85:      0.008803     0.009634     0.007252     0.003428    -0.000131
  90:     -0.002618    -0.003783     -0.00365    -0.002597      -0.0013
  95:    -0.0003873   -0.0001298   -0.0004374    -0.001016    -0.001509
 100:     -0.001623    -0.001247   -0.0005054    0.0003075    0.0008694
 105:      0.001017    0.0008631    0.0007154    0.0008372     0.001286
 110:      0.001924     0.002482     0.002683     0.002528     0.002469
 115:      0.002893     0.003372     0.003108     0.002493     0.003095
 120:      0.004927     0.005101     0.001654    -0.002323    -0.002411
 125:     -0.000548    -0.002777    -0.007869    -0.007265   -0.0001629
 130:      0.003847     0.002836     0.005268     0.009104     0.004867
 135:     0.0006414     0.004628    -0.005922     -0.04194     -0.05701
 140:      -0.01464      0.04119       0.0513       0.0255     0.006289
 145:      0.001315     -0.00408    -0.009898    -0.009071    -0.005321
 150:     -0.004839      -0.0055    -0.003188    0.0008556     0.003505
 155:      0.004445     0.004689     0.003979     0.001648    -0.001577
 160:     -0.003912     -0.00411    -0.002313    0.0002447     0.002077
 165:       0.00236     0.001384     0.000108   -0.0007652     -0.00116
 170:     -0.001213   -0.0009134   -0.0002906    0.0003345    0.0005414
 175:     0.0001325   -0.0007407    -0.001534    -0.001507   -0.0004934
 180:     0.0005272    0.0004073   -0.0003607    0.0001622     0.002365
 185:      0.003221   -0.0003448    -0.006031    -0.007403    -0.002788
 190:     0.0009159    -0.001774    -0.005183    -0.001184     0.006294
 195:      0.008119      0.00701     0.009879     0.009787    0.0003774
 200:     -0.004462     0.001003    -0.009519     -0.04465      -0.0579
 205:      -0.01532      0.04131      0.05436      0.03046      0.01228
 210:      0.009787     0.004083    -0.009025     -0.01632     -0.01349
 215:     -0.008826    -0.007154    -0.005655    -0.002686   -0.0006803
 220:    -0.0008054   -0.0007805     0.001371     0.004639     0.006783
 225:       0.00688     0.005401     0.002963   -6.221e-05    -0.003069
 230:     -0.005046    -0.005102    -0.003165    -0.000222     0.002197
 235:      0.003012     0.002255     0.000806   -0.0005264    -0.001563
 240:     -0.002222    -0.001657     0.001099     0.004962     0.006477
 245:      0.003623   -0.0005138   -0.0008764     0.001957     0.001204
 250:     -0.005934     -0.01152    -0.006824      0.00361     0.007648
 255:      0.005046     0.007296      0.01504      0.01487     0.006106
 260:      0.004553     0.006819     -0.01427      -0.0563     -0.06857
 265:       -0.0199       0.0488      0.07467      0.04961      0.01501
 270:    -0.0003219    -0.004081     -0.01063     -0.01739     -0.01606
 275:     -0.008817    -0.003936    -0.003453    -0.002675     0.001423
 280:      0.006766      0.01024      0.01133      0.01095     0.009033
 285:      0.004774    -0.001247    -0.006533    -0.008656    -0.007355
 290:     -0.004154   -0.0001998     0.004533     0.009487      0.01227
 295:       0.01096     0.007367     0.005524     0.005614     0.001881
 300:      -0.01028
