   0:             0            0   -0.0003381   -0.0004632    -0.000126
   5:     0.0003129    0.0006187     0.000754    0.0007698    0.0007157
  10:       0.00059    0.0003686    0.0001072   -8.453e-05   -0.0001716
  15:    -0.0001966   -0.0001851   -0.0001248   -1.185e-05    0.0001247
  20:     0.0002341     0.000266    0.0001848   -2.148e-05   -0.0003299
  25:    -0.0006845    -0.001013    -0.001246    -0.001338    -0.001283
  30:     -0.001094   -0.0007994   -0.0004531   -0.0001283    0.0001119
  35:       0.00024    0.0002673    0.0002223    0.0001206   -4.536e-05
  40:    -0.0002791   -0.0005502   -0.0008012   -0.0009866    -0.001097
  45:     -0.001149    -0.001164     -0.00115     -0.00111    -0.001062
  50:     -0.001042     -0.00108    -0.001167    -0.001255    -0.001293
  55:     -0.001248    -0.001118   -0.0009337   -0.0007433   -0.0005941
  60:    -0.0005048   -0.0004552   -0.0003994   -0.0002943   -0.0001201
  65:     0.0001188    0.0004005    0.0006853    0.0009055    0.0009824
  70:     0.0008985    0.0007482    0.0006092    0.0003249   -0.0003664
  75:       -0.0013    -0.001855    -0.002047    -0.003125    -0.005596
  80:     -0.007049    -0.004984    -0.002166    -0.003688     -0.00671
  85:       -0.0023     0.007514     0.008861     0.001017    0.0005877
  90:      0.009154     0.009156     0.001083    -0.001974    -0.009991
  95:      -0.02688     -0.02927     -0.02976     -0.06259     -0.08546
 100:       -0.0414      0.02077      0.03293      0.01967       0.0237
 105:       0.03267      0.02942      0.02398      0.02298      0.02171
 110:       0.01947      0.01595     0.006188    -0.008415     -0.01768
 115:      -0.01797     -0.01751     -0.02047     -0.01854    -0.007218
 120:      0.003969     0.008683      0.01232      0.01202    -0.001604
 125:      -0.01488    -0.009907    -0.009293     -0.03527     -0.04816
 130:     -0.008581      0.04323       0.0518      0.03178      0.02368
 135:       0.02548      0.01678     0.001044    -0.008593     -0.01243
 140:      -0.01525     -0.01526     -0.01081     -0.00574    -0.003454
 145:     -0.002823    -0.001762   -0.0004238    0.0003813      0.00106
 150:       0.00232     0.003814     0.004592     0.004272     0.003259
 155:      0.002105     0.001022   -1.283e-05   -0.0009105    -0.001437
 160:     -0.001485    -0.001196   -0.0007623    -0.000268    0.0002318
 165:     0.0006225    0.0008134    0.0008349    0.0007722    0.0006438
 170:     0.0004275    0.0001811    3.131e-05     2.63e-05    8.946e-05
 175:     0.0001461    0.0002077    0.0003062    0.0004217    0.0004867
 180:     0.0004265    0.0002462    9.358e-05    0.0001297    0.0003201
 185:     0.0004705    0.0004743     0.000433     0.000516    0.0007092
 190:     0.0007126    0.0001993   -0.0007173    -0.001362    -0.001108
 195:    -0.0002356    0.0002757    0.0003014     0.001233     0.003692
 200:      0.005179     0.002649    -0.002175     -0.00375    -0.001053
 205:    -0.0004655    -0.005554    -0.009076    -0.003758       0.0042
 210:      0.005457     0.005319      0.01207      0.01597     0.006838
 215:     -0.001275     0.001008     -0.01029     -0.04461     -0.05687
 220:      -0.01332      0.04399      0.05631      0.02983     0.008293
 225:      0.003346    -0.002965      -0.0147     -0.01932     -0.01385
 230:     -0.007747    -0.005646    -0.003521    0.0009696      0.00476
 235:      0.005547      0.00518     0.005835     0.006308      0.00383
 240:     -0.001538    -0.005857    -0.005298   -0.0008248     0.002229
 245:     0.0002201    -0.003881    -0.003886    0.0006741     0.002478
 250:     -0.003278    -0.009854    -0.007132      0.00286     0.008684
 255:        0.0083      0.01097      0.01656      0.01263    0.0004604
 260:     -0.002133      0.00186     -0.01666     -0.05787      -0.0717
 265:      -0.02498      0.04389      0.07303      0.05334        0.024
 270:       0.01131     0.006035    -0.005703     -0.01889     -0.02234
 275:      -0.01664     -0.01037    -0.007309    -0.004827    -0.001294
 280:      0.001376     0.001932     0.002287     0.004592     0.007928
 285:      0.009396     0.007702     0.004339     0.001265    -0.001268
 290:     -0.003648    -0.004534    -0.001532      0.00491      0.01013
 295:       0.01018     0.007487     0.007889      0.01076     0.006121
 300:      -0.01367
