   0:             0            0     -0.00618    -0.001877     -0.00326
   5:     -0.002391    -0.001251    -0.002969    -0.004366    -0.003233
  10:    -0.0007889     0.001593     0.003636      0.00539     0.006741
  15:      0.007515     0.007607     0.007008     0.005838     0.004245
  20:      0.002249   -4.991e-05    -0.002283    -0.004089    -0.005418
  25:     -0.006418    -0.007169    -0.007597    -0.007523    -0.006787
  30:     -0.005378    -0.003464    -0.001334    0.0006578     0.002147
  35:      0.002902     0.002994     0.002761     0.002486     0.002171
  40:      0.001775     0.001472     0.001306      0.00077   -0.0006176
  45:       -0.0024    -0.003733    -0.004874    -0.006774    -0.009074
  50:      -0.01042       -0.011     -0.01197      -0.0124     -0.01071
  55:     -0.008355     -0.00654    -0.002438     0.003781     0.006147
  60:      0.005766     0.009614      0.01096     0.001452    -0.005404
  65:     -0.006582     -0.02577     -0.04836     -0.02305      0.03507
  70:       0.05599      0.03349      0.01697      0.01555     0.006541
  75:     -0.006399    -0.009261     -0.00852      -0.0121     -0.01386
  80:      -0.01007    -0.006242    -0.004773    -0.002489    0.0009283
  85:      0.002676     0.002614     0.002719     0.002975      0.00201
  90:     9.838e-05    -0.001288    -0.001846    -0.002461    -0.003425
  95:     -0.004017    -0.003727    -0.002978    -0.002487    -0.002449
 100:     -0.002573    -0.002597    -0.002474    -0.002218    -0.001836
 105:     -0.001401   -0.0009684   -0.0004519    0.0002205    0.0008126
 110:     0.0008972    0.0004477    8.477e-05    0.0004051     0.001222
 115:      0.001924      0.00248     0.003324     0.004162     0.003947
 120:      0.002615     0.001444    0.0007311   -0.0009345    -0.003572
 125:     -0.005003    -0.004984     -0.00536    -0.004642   -0.0002169
 130:      0.004181     0.004875     0.006897      0.01049     0.005407
 135:     -0.003952     -0.00358     -0.01005     -0.04209     -0.05909
 140:      -0.01728      0.04123       0.0506      0.02287     0.006505
 145:       0.00481     -0.00213     -0.01074     -0.01085    -0.008247
 150:     -0.008862    -0.008022    -0.003359    0.0004359      0.00137
 155:      0.002194     0.003624     0.003632     0.001999    0.0002921
 160:     -0.001269    -0.003342    -0.005083    -0.004918    -0.003043
 165:     -0.001172   -0.0001295    0.0007377     0.001789     0.002147
 170:      0.001009    -0.001043    -0.002698    -0.003388    -0.003457
 175:     -0.003178    -0.002338   -0.0008613     0.000622     0.001246
 180:     0.0009697    0.0006996    0.0009092    0.0006854   -0.0008382
 185:     -0.002806    -0.004049     -0.00516    -0.006649    -0.006567
 190:     -0.003768      -0.0011    -0.000245     0.002318     0.007458
 195:       0.00931     0.007395      0.00907      0.01116     0.002856
 200:     -0.007789    -0.008272     -0.01722     -0.04855     -0.06051
 205:      -0.01486      0.04546      0.05611      0.02734      0.01038
 210:        0.0127     0.008319    -0.005157     -0.01073    -0.007872
 215:     -0.008495     -0.01283      -0.0126    -0.007724    -0.004387
 220:     -0.003558    -0.001587      0.00195     0.004113     0.004007
 225:      0.003449     0.003274     0.002485      0.00079   -0.0005632
 230:    -0.0008256   -0.0009058    -0.001878    -0.003315    -0.003849
 235:     -0.003011    -0.001928    -0.001891    -0.002468    -0.001785
 240:      0.000867     0.003557     0.003922     0.002254    0.0007796
 245:     5.931e-05    -0.001651    -0.004817    -0.007056    -0.006993
 250:     -0.006683    -0.007017    -0.004422     0.002568     0.008131
 255:      0.008599      0.01044      0.01674      0.01621     0.003713
 260:     -0.005043    -0.004786     -0.02039     -0.05843     -0.07218
 265:      -0.02411      0.04703      0.07317      0.04638      0.01437
 270:      0.005522     0.004216    -0.006495     -0.01813      -0.0184
 275:      -0.01215     -0.00976     -0.01055    -0.007652   -0.0008024
 280:      0.004272     0.005076      0.00432     0.004226     0.003705
 285:       0.00136    -0.001847    -0.003881    -0.004008     -0.00314
 290:     -0.002453    -0.001887    1.246e-05     0.004082     0.008247
 295:      0.009041     0.006576     0.005463     0.007631     0.006221
 300:     -0.007729
