   0:             0            0   -0.0004401    -0.000663   -0.0003745
   5:     2.837e-05    0.0003038    0.0004124    0.0003802    0.0002404
  10:    -8.059e-06   -0.0003921   -0.0008372    -0.001185    -0.001362
  15:     -0.001402    -0.001342    -0.001203    -0.001028   -0.0008822
  20:    -0.0008065   -0.0007991   -0.0008368   -0.0009171    -0.001057
  25:     -0.001252    -0.001463    -0.001622    -0.001669    -0.001595
  30:      -0.00144    -0.001244    -0.001028   -0.0008146   -0.0006385
  35:    -0.0005388   -0.0005432   -0.0006562   -0.0008676    -0.001165
  40:     -0.001527    -0.001918    -0.002293    -0.002604    -0.002813
  45:     -0.002903    -0.002883    -0.002784    -0.002646    -0.002511
  50:     -0.002416    -0.002378    -0.002397    -0.002465    -0.002558
  55:     -0.002633    -0.002643    -0.002558    -0.002384    -0.002168
  60:     -0.001956    -0.001768    -0.001597    -0.001452    -0.001344
  65:     -0.001231    -0.001043   -0.0008267   -0.0007626    -0.000897
  70:    -0.0009742   -0.0008463   -0.0009092    -0.001553    -0.002256
  75:     -0.002252    -0.002153    -0.003285    -0.005109    -0.005755
  80:     -0.005543     -0.00628    -0.006892    -0.005119     -0.00269
  85:     -0.001617    0.0008685     0.005023     0.005924     0.005478
  90:      0.008489       0.0075   -0.0005838    -0.003692    -0.006954
  95:       -0.0229     -0.03259     -0.03526     -0.06354     -0.08356
 100:      -0.03505      0.03031      0.03592      0.01548      0.02045
 105:       0.03072      0.02665      0.02398      0.02595      0.02143
 110:       0.01245     0.005525   -0.0009582    -0.008058     -0.01244
 115:      -0.01296     -0.01225     -0.01234     -0.01139    -0.007394
 120:     -0.004328    -0.005302     -0.00342      0.00266   -0.0006139
 125:      -0.01146     -0.01103     -0.01205     -0.03816     -0.05271
 130:      -0.01026      0.04699      0.05406      0.02874      0.01978
 135:        0.0225      0.01356     0.001266    -0.001447    -0.002353
 140:     -0.008032     -0.01203     -0.01113     -0.01019     -0.01066
 145:     -0.009318    -0.006097    -0.003935    -0.003164    -0.001918
 150:    -2.787e-05     0.001309      0.00208        0.003     0.003659
 155:       0.00307      0.00141   -0.0001542   -0.0009963    -0.001467
 160:     -0.001982    -0.002367    -0.002226      -0.0016   -0.0009998
 165:     -0.000854    -0.001109    -0.001398    -0.001458    -0.001323
 170:     -0.001149   -0.0009841   -0.0007522   -0.0004418   -0.0001901
 175:    -0.0001393   -0.0003059   -0.0006256    -0.001027    -0.001422
 180:     -0.001704     -0.00173    -0.001327   -0.0005116    0.0002987
 185:     0.0005792    0.0002582   -0.0002853   -0.0007942    -0.001409
 190:     -0.002195    -0.002672    -0.002304    -0.001399   -0.0007885
 195:    -0.0004812      0.00035     0.001727     0.002411     0.001754
 200:     0.0006772   -0.0002655    -0.002121    -0.004966      -0.0063
 205:     -0.005106    -0.004352    -0.004949    -0.002526     0.003502
 210:      0.006569      0.00656      0.01137      0.01644     0.008522
 215:     -0.004447    -0.007212     -0.01637     -0.04687     -0.05881
 220:        -0.014      0.04568       0.0561      0.02694     0.009016
 225:      0.009654     0.003177     -0.01181     -0.01718     -0.01241
 230:      -0.01041     -0.01236     -0.01034    -0.004186    6.748e-05
 235:      0.001618     0.003847     0.006537     0.006679     0.004439
 240:      0.002888     0.002813     0.001912   -0.0008021    -0.003263
 245:     -0.004172    -0.005388    -0.008144    -0.009826    -0.008059
 250:     -0.005104    -0.003431   -0.0003831     0.006068      0.01078
 255:       0.01008      0.01056      0.01593      0.01501     0.002136
 260:     -0.007084    -0.006767     -0.02162     -0.05899     -0.07266
 265:      -0.02467       0.0468      0.07352      0.04721      0.01562
 270:      0.007347      0.00658    -0.004019      -0.0161     -0.01724
 275:      -0.01199     -0.01048     -0.01176    -0.008963    -0.002203
 280:      0.002547     0.003112     0.002793     0.003879     0.004606
 285:      0.002857     -0.00045    -0.002769    -0.003057     -0.00239
 290:     -0.001942    -0.001136     0.001628       0.0061     0.008892
 295:      0.007023     0.002942     0.002807     0.007184     0.006475
 300:     -0.008744
