   0:     -0.007254     0.004677       0.2057      0.09771     -0.04852
   5:      -0.07242      0.01062        0.101       0.1473       0.1647
  10:        0.1744       0.1768       0.1717       0.1658       0.1585
  15:        0.1432       0.1233       0.1078      0.09787      0.08783
  20:       0.07593      0.06537      0.05753      0.05015      0.04105
  25:       0.03049      0.01956       0.0083    -0.003994     -0.01701
  30:      -0.02913     -0.03939     -0.04805     -0.05441     -0.05698
  35:      -0.05623     -0.05322     -0.04663     -0.03601     -0.02514
  40:      -0.01605    -0.006404     0.003166     0.009749       0.0156
  45:       0.02173      0.02445      0.02841      0.03758      0.03916
  50:       0.03595      0.05241       0.0685      0.04956      0.04666
  55:        0.1016       0.1103     -0.02242      -0.1912      -0.2176
  60:      -0.07496       0.1083       0.2019        0.178      0.09229
  65:       0.00794      -0.0451     -0.06363     -0.05623     -0.03554
  70:      -0.01211     0.008254      0.02253      0.02908      0.02807
  75:       0.02184      0.01391     0.006698    0.0006456    -0.003377
  80:     -0.002351      0.00557      0.01623      0.02159      0.01885
  85:       0.01442       0.0149      0.01743      0.01506     0.008776
  90:      0.006135     0.008906      0.01116      0.01006     0.009483
  95:       0.01185      0.01466      0.01589      0.01609       0.0154
 100:       0.01363      0.01168      0.01017     0.008546     0.006779
 105:      0.005547     0.004808     0.004207     0.003965     0.003983
 110:       0.00381      0.00411     0.005707     0.007205     0.006814
 115:      0.005873     0.006357     0.006012     0.002404    0.0007846
 120:      0.008127      0.01908      0.01989     0.007783    -0.004907
 125:      -0.00742    -0.001761     0.004472     0.008148       0.0103
 130:        0.0117      0.01221      0.01186       0.0107     0.008942
 135:      0.007306     0.006225     0.005434     0.004827     0.004551
 140:      0.004516     0.004787     0.005571     0.006404     0.006443
 145:      0.005427     0.003998     0.003412     0.003945     0.003585
 150:      0.001524     0.001388     0.004743     0.005495    0.0006149
 155:     -0.001498     0.003438     0.004942    -0.002041    -0.006305
 160:     -0.003559    -0.001267     0.006911      0.03105      0.05473
 165:       0.06295      0.06372      0.02383      -0.1155      -0.2675
 170:       -0.2161      0.06119       0.2905       0.2588      0.07165
 175:      -0.05412     -0.06403     -0.03579     -0.02191     -0.01469
 180:    -0.0008142      0.01391      0.02057      0.01968      0.01685
 185:       0.01498      0.01314     0.009996     0.005991     0.002776
 190:      0.001767     0.003077     0.005503     0.007794     0.009702
 195:       0.01142      0.01231      0.01116     0.008043     0.004867
 200:      0.003243     0.002867     0.003233     0.005207     0.008797
 205:       0.01117      0.00977     0.006075     0.003576     0.003167
 210:       0.00322     0.003167     0.003986     0.005127     0.004488
 215:       0.00285     0.004498     0.009814      0.01174     0.006669
 220:      0.003039     0.007224     0.008253    -0.003947     -0.01408
 225:     -0.004444     0.007508    -0.004739     -0.02318    -0.008042
 230:       0.03618      0.06787      0.06602       0.0526      0.08364
 235:         0.183       0.2237    -0.003079      -0.4518      -0.7042
 240:        -0.419       0.2007       0.6191       0.5752        0.267
 245:     4.043e-05      -0.1203       -0.148      -0.1478      -0.1461
 250:       -0.1288     -0.06348      0.02758       0.0588      0.01901
 255:       0.02928       0.1447       0.2128       0.1186      0.04401
 260:        0.1881       0.3094     -0.04705      -0.7975       -1.202
 265:       -0.7185       0.3013        1.022         1.03       0.5982
 270:        0.1826     -0.05073      -0.1834      -0.2813      -0.3195
 275:       -0.2786      -0.1929      -0.1034     -0.02234      0.04881
 280:        0.1003        0.124        0.124       0.1074      0.07601
 285:       0.03425    -0.003904     -0.02465     -0.02712     -0.01961
 290:     -0.006886      0.01384      0.04413      0.07381      0.08575
 295:       0.07637      0.06226      0.05372      0.02884     -0.04751
 300:        -0.177
