   0:          1500         1500         1500         1500         1500
   5:          1500         1500         1500         1500         1500
  10:          1500         1500         1500         1500         1500
  15:          1500         1500         1500         1500         1500
  20:          1500         1500         1500         1500         1500
  25:          1500         1500         1500         1500         1500
  30:          1500         1500         1500         1500         1500
  35:          1500         1500         1500         1500         1500
  40:          1500         1500         1500         1500         1500
  45:          1500         1500         1500         1500         1500
  50:          1500         1500         1500         1500         1500
  55:          1500         1500         1500         1500         1500
  60:          1500         1500         1500         1500         1500
  65:          1500         1500         1500         1500         1500
  70:          1500         1500         1500         1500         1500
  75:          1500         1500         1500         1500         1500
  80:          1500         1500         1500         1500         1500
  85:          1500         1500         1500         1500         1500
  90:          1500         1500         1500         1500         1500
  95:          1500         1500         1500         1500         1500
 100:          1700         1700         1700         1700         1700
 105:          1700         1700         1700         1700         1700
 110:          1700         1700         1700         1700         1700
 115:          1700         1700         1700         1700         1700
 120:          1700         1700         1700         1700         1700
 125:          1700         1700         1700         1700         1700
 130:          1600         1600         1600         1600         1600
 135:          1600         1600         1600         1600         1600
 140:          1600         1600         1600         1600         1600
 145:          1600         1600         1600         1600         1600
 150:          1600         1600         1600         1600         1600
 155:          1600         1600         1600         1600         1600
 160:          1600         1600         1600         1600         1600
 165:          1600         1600         1600         1600         1600
 170:          1600         1600         1600         1600         1600
 175:          1600         1600         1600         1600         1600
 180:          1600         1600         1600         1600         1600
 185:          1600         1600         1600         1600         1600
 190:          1600         1600         1600         1600         1600
 195:          1600         1600         1600         1600         1600
 200:          1600         1600         1600         1600         1600
 205:          1600         1600         1600         1600         1600
 210:          1600         1600         1600         1600         1600
 215:          1600         1600         1600         1600         1600
 220:          1800         1800         1800         1800         1800
 225:          1800         1800         1800         1800         1800
 230:          1800         1800         1800         1800         1800
 235:          1800         1800         1800         1800         1800
 240:          1800         1800         1800         1800         1800
 245:          1800         1800         1800         1800         1800
 250:          1800         1800         1800         1800         1800
 255:          1800         1800         1800         1800         1800
 260:          1800         1800         1800         1800         1800
 265:          1900         1900         1900         1900         1900
 270:          1900         1900         1900         1900         1900
 275:          1900         1900         1900         1900         1900
 280:          1900         1900         1900         1900         1900
 285:          1900         1900         1900         1900         1900
 290:          1900         1900         1900         1900         1900
 295:          1900         1900         1900         1900         1900
 300:          1900
