   0:             0            0    -0.005312     0.006592    0.0003028
   5:     -0.004366    -0.006679    -0.007526    -0.005914    -0.003487
  10:     -0.001405     0.000654     0.002933     0.005305     0.007397
  15:      0.008835     0.009423      0.00912     0.008062     0.006419
  20:      0.004259     0.001785   -0.0005615    -0.002443    -0.003836
  25:      -0.00482     -0.00539    -0.005522     -0.00521    -0.004422
  30:     -0.003187      -0.0017   -0.0001515     0.001449     0.003041
  35:      0.004312     0.005078     0.005505     0.005659     0.005394
  40:      0.004786     0.003901     0.002408    0.0003353    -0.001601
  45:     -0.003232    -0.005062    -0.006822    -0.007991    -0.009125
  50:       -0.0102    -0.009949    -0.008963    -0.008711     -0.00748
  55:       -0.0042    -0.002006   -0.0002743     0.004937     0.008772
  60:      0.007095     0.008433      0.01096     0.002249    -0.006229
  65:     -0.006784     -0.02484      -0.0479     -0.02095      0.03873
  70:       0.05846       0.0369      0.02254      0.01946     0.009217
  75:     -0.001445    -0.004399    -0.006671      -0.0103      -0.0105
  80:       -0.0084    -0.007203    -0.005772    -0.003103   -0.0007288
  85:     0.0007243     0.001944     0.002868     0.003119     0.003022
  90:      0.002834     0.002256     0.001226    0.0001762   -0.0005966
  95:     -0.001114    -0.001379    -0.001367    -0.001232    -0.001146
 100:     -0.001056   -0.0008467   -0.0005396   -0.0001755    0.0002344
 105:     0.0005271    0.0005207    0.0004279    0.0006675     0.001216
 110:      0.001758      0.00239     0.003328     0.004199     0.004699
 115:      0.005288     0.006044     0.006103     0.005382     0.004794
 120:      0.004115     0.002641     0.001408     0.001005   -9.283e-05
 125:     -0.001417   -0.0006013     0.000864      0.00118     0.003675
 130:      0.007634     0.007147     0.006427       0.0101     0.006145
 135:     -0.005502    -0.006231     -0.01041     -0.04252     -0.06017
 140:      -0.01522      0.04462      0.05164      0.02453      0.01083
 145:       0.00859    0.0006688    -0.006741    -0.007157    -0.006574
 150:     -0.007145    -0.005459    -0.002299   -0.0002479      0.00127
 155:      0.002998     0.004054     0.004342     0.004477     0.003976
 160:       0.00217   -0.0001711    -0.001683    -0.001981     -0.00164
 165:     -0.001291    -0.001091   -0.0008054    -0.000329    2.006e-05
 170:     2.522e-05    3.527e-05    0.0003336     0.000534    0.0003289
 175:     0.0001419       0.0002   -5.802e-05   -0.0007432    -0.001037
 180:    -0.0008103   -0.0009137    -0.001241    -0.001019    -0.001141
 185:     -0.002756    -0.004169    -0.003634    -0.003036    -0.003412
 190:     -0.001701     0.002064      0.00314     0.002778     0.006302
 195:      0.009214     0.005896      0.00454     0.007678     0.001888
 200:     -0.009052    -0.008899     -0.01589     -0.04885     -0.06285
 205:      -0.01492      0.04727      0.05713      0.02987      0.01528
 210:       0.01528     0.007695    -0.004176    -0.007645     -0.00696
 215:     -0.009592     -0.01202     -0.01034    -0.007679    -0.006456
 220:     -0.004751    -0.001686    0.0008483     0.001947     0.002749
 225:      0.003937       0.0048      0.00465     0.003684      0.00242
 230:       0.00112   -5.713e-05   -0.0007973   -0.0008574    -0.000489
 235:    -0.0003006   -0.0005227   -0.0006765   -0.0002641    0.0005624
 240:      0.001508     0.002695     0.003815     0.003665     0.002059
 245:     0.0007801    0.0005727   -0.0004425     -0.00255    -0.002602
 250:    -6.494e-05       0.0012     0.001436     0.005725      0.01197
 255:       0.01259       0.0111      0.01559      0.01704     0.004917
 260:     -0.005838     -0.00477     -0.01795     -0.05648     -0.07046
 265:      -0.01876      0.05515      0.08012      0.05313      0.02387
 270:       0.01557      0.01143    0.0001111      -0.0087    -0.008556
 275:     -0.006244     -0.00682    -0.006725    -0.003291     0.000546
 280:      0.002499     0.004126     0.006414     0.007619     0.006867
 285:      0.005975     0.006197     0.006248     0.005314     0.005272
 290:      0.007434     0.009565     0.009547     0.009744      0.01285
 295:        0.0154      0.01242     0.007753     0.009151      0.01083
 300:     -0.006315
