   0:             0            0    -0.000668   -0.0007238    9.328e-05
   5:     0.0008734     0.001228     0.001313     0.001428     0.001627
  10:      0.001696     0.001504     0.001229     0.001064    0.0009947
  15:     0.0009768     0.001032     0.001128     0.001213       0.0013
  20:      0.001396     0.001482     0.001558      0.00161     0.001597
  25:       0.00152     0.001408     0.001289     0.001199      0.00116
  30:      0.001159     0.001183     0.001228     0.001276     0.001301
  35:      0.001283     0.001206     0.001054    0.0008161    0.0004976
  40:     0.0001197   -0.0002889   -0.0006969    -0.001062    -0.001335
  45:     -0.001487    -0.001535    -0.001522    -0.001484    -0.001448
  50:     -0.001432    -0.001427    -0.001425    -0.001449    -0.001504
  55:     -0.001522    -0.001442    -0.001318    -0.001218    -0.001075
  60:    -0.0008238   -0.0005528   -0.0002902    0.0001262    0.0007065
  65:      0.001222     0.001661     0.002183     0.002583     0.002619
  70:      0.002551     0.002473     0.001999     0.001278     0.000727
  75:    -0.0002021    -0.001709    -0.002648    -0.003118    -0.004337
  80:     -0.005094    -0.004154    -0.003444    -0.002796    0.0001572
  85:      0.002943      0.00419     0.008064      0.01155      0.00986
  90:        0.0101      0.01102     0.003177    -0.002362    -0.004057
  95:      -0.01986     -0.03242      -0.0342      -0.0626     -0.08492
 100:      -0.03539      0.02919      0.03275       0.0153      0.02125
 105:       0.02782      0.02406      0.02346      0.02326      0.01782
 110:       0.01175     0.005907   -0.0006853    -0.004922     -0.00675
 115:     -0.007959    -0.007049    -0.005482    -0.006416    -0.005847
 120:     -0.002561    -0.004141    -0.007065    -0.002633    -0.003573
 125:      -0.01545     -0.01639     -0.01451     -0.03874     -0.05263
 130:     -0.007003      0.05141      0.05716      0.03406      0.02753
 135:       0.02784      0.01738     0.007249     0.004405    0.0007738
 140:      -0.00486    -0.007321    -0.007585    -0.008561     -0.00889
 145:     -0.007341    -0.005388    -0.003916    -0.002354   -0.0006595
 150:     0.0006595     0.001638     0.002568      0.00335     0.003782
 155:      0.003896     0.003741     0.003302      0.00274     0.002324
 160:      0.002098     0.001931     0.001791     0.001691     0.001512
 165:      0.001144    0.0007016     0.000427     0.000413    0.0005231
 170:     0.0005747    0.0005514    0.0005956    0.0008068     0.001134
 175:      0.001469     0.001727     0.001861     0.001915     0.001968
 180:      0.001934     0.001682     0.001389     0.001325     0.001331
 185:      0.001031    0.0004766    4.218e-05   -9.643e-05    6.703e-05
 190:     0.0005687     0.001219      0.00158     0.001669     0.002085
 195:      0.002855      0.00313     0.002704      0.00223     0.001405
 200:    -0.0004393    -0.002026    -0.002199    -0.002686    -0.004015
 205:     -0.003101   -0.0001978    0.0003649    0.0006586        0.006
 210:       0.01102     0.009713      0.01046       0.0148     0.007357
 215:     -0.007671     -0.01027     -0.01603     -0.04593     -0.05889
 220:      -0.01237      0.04836      0.05796      0.03077      0.01544
 225:       0.01363     0.003732     -0.01002     -0.01412     -0.01274
 230:      -0.01379     -0.01417     -0.01011    -0.004832    -0.001267
 235:      0.001604     0.004346     0.005991     0.006371     0.005774
 240:      0.004221     0.002521     0.001421   -0.0001428    -0.002953
 245:      -0.00522    -0.005761    -0.006446    -0.007696    -0.006241
 250:      -0.00178     0.001079     0.002165     0.006733      0.01274
 255:       0.01245     0.009675      0.01306      0.01362    0.0004781
 260:      -0.01124     -0.01041     -0.02321      -0.0616      -0.0759
 265:      -0.02407      0.05109      0.07801      0.05292      0.02535
 270:        0.0184      0.01467     0.002303    -0.008769     -0.01128
 275:      -0.01129     -0.01355     -0.01444     -0.01141    -0.007721
 280:      -0.00587     -0.00415    -0.001231     0.001356     0.002737
 285:      0.004496     0.007279     0.009087     0.009069     0.009789
 290:       0.01279      0.01513      0.01459      0.01472      0.01829
 295:       0.01932      0.01193     0.004628     0.009408      0.01405
 300:      -0.01419
