   0:             0            0            0            0            0
   5:             0            0            0            0            0
  10:             0            0            0            0            0
  15:             0            0            0            0            0
  20:             0            0            0            0            0
  25:             0            0            0            0            0
  30:             0            0            0            0            0
  35:             0            0            0            0            0
  40:             0            0            0            0            0
  45:             0            0            0            0            0
  50:             0   -1.628e-07   -3.255e-07            0    3.255e-07
  55:    -3.255e-07    4.883e-07   -1.628e-07            0    3.255e-07
  60:             0    3.255e-07            0   -1.628e-07    8.138e-07
  65:     9.766e-07   -3.255e-07    2.279e-06    1.953e-06   -2.116e-06
  70:    -1.953e-06    2.116e-06   -1.302e-06    9.766e-07   -2.604e-06
  75:     -6.51e-07    -1.79e-06    1.628e-07    9.766e-07    9.766e-07
  80:     -6.51e-07    1.465e-06   -1.628e-07    4.883e-07   -3.255e-07
  85:     8.138e-07   -4.883e-07   -1.465e-06    -6.51e-07   -1.367e-05
  90:    -0.0003071    -0.001907    -0.004841    -0.009107     -0.01471
  95:      -0.02164     -0.02991     -0.03951     -0.05044     -0.06268
 100:       0.05404      0.04304      0.03329      0.02479      0.01754
 105:       0.01154     0.006788     0.003288     0.001037    2.502e-05
 110:             0            0            0            0            0
 115:             0            0            0            0            0
 120:    -0.0002628    -0.001513       -0.004    -0.007738     -0.01273
 125:      -0.01896     -0.02645     -0.03519     -0.04518     -0.05641
 130:       0.05329      0.04272      0.03329      0.02505      0.01798
 135:       0.01208     0.007365     0.003823     0.001459    0.0002706
 140:     1.135e-05    4.308e-07            0   -4.308e-07            0
 145:             0   -4.308e-07            0    4.308e-07    2.872e-07
 150:    -4.308e-07            0   -1.436e-07            0   -5.744e-07
 155:             0            0            0    1.005e-06   -3.303e-06
 160:     1.149e-06    -3.59e-06    5.744e-07   -4.308e-06   -2.441e-06
 165:     8.617e-07    8.617e-07    2.872e-07    1.436e-06    2.585e-06
 170:             0   -1.436e-07    8.617e-07   -1.149e-06    4.308e-07
 175:     1.005e-06    1.436e-07   -4.308e-07    1.436e-07            0
 180:             0    2.872e-07            0            0   -1.436e-07
 185:             0    2.872e-07            0            0   -1.436e-07
 190:             0   -1.436e-07    2.872e-07            0    7.181e-07
 195:             0   -1.436e-07    2.872e-07            0    7.181e-07
 200:             0            0            0            0            0
 205:             0            0            0            0            0
 210:    -0.0001471    -0.001544    -0.004412     -0.00875     -0.01456
 215:      -0.02184     -0.03059     -0.04081      -0.0525     -0.06566
 220:       0.06247      0.05007      0.03904      0.02938       0.0211
 225:       0.01418      0.00863     0.004452     0.001644    0.0002055
 230:    -2.676e-07   -2.676e-07   -2.676e-07    2.676e-07            0
 235:    -2.676e-07   -2.676e-07   -2.676e-07    2.676e-07            0
 240:     5.351e-07    5.351e-07    4.013e-07            0            0
 245:     5.351e-07    5.351e-07    4.013e-07            0            0
 250:             0            0            0            0            0
 255:             0    -0.001918    -0.005753     -0.01151     -0.01918
 260:      -0.02877     -0.04027      -0.0537     -0.06904      -0.0863
 265:       0.07875        0.063        0.049      0.03675      0.02625
 270:        0.0175       0.0105      0.00525      0.00175            0
 275:             0            0            0            0            0
 280:             0            0            0            0            0
 285:             0            0            0            0            0
 290:             0            0            0            0            0
 295:             0            0            0            0            0
 300:             0
