   0:             0            0            0            0            0
   5:             0            0            0            0            0
  10:             0            0            0            0            0
  15:             0            0            0            0            0
  20:             0            0            0            0            0
  25:             0            0            0            0            0
  30:             0            0            0            0            0
  35:             0            0            0            0            0
  40:             0            0            0            0            0
  45:             0            0            0            0            0
  50:             0   -1.628e-07   -4.883e-07    4.883e-07    4.883e-07
  55:     -6.51e-07   -4.004e-05   -0.0002806   -0.0008926    -0.002239
  60:      -0.00464    -0.008293     -0.01327     -0.01957     -0.02721
  65:      -0.03619     -0.04642     -0.05757      0.06002      0.04912
  70:       0.03896       0.0299      0.02206      0.01548      0.01013
  75:      0.006049     0.003172     0.001363    0.0004521    0.0001013
  80:     1.114e-05    2.594e-06   -4.578e-07    7.629e-07   -4.578e-07
  85:     1.831e-06   -1.068e-06   -2.136e-06   -1.068e-06   -9.155e-07
  90:    -7.629e-07   -1.068e-06   -1.373e-06   -1.068e-06   -1.373e-06
  95:    -7.629e-07   -4.578e-07   -9.155e-07   -3.052e-07   -1.526e-07
 100:    -3.052e-07   -1.068e-06   -6.104e-07   -7.629e-07   -4.578e-07
 105:    -4.578e-07   -3.052e-07    1.526e-07            0            0
 110:             0            0            0            0            0
 115:             0            0            0            0            0
 120:             0    1.526e-07            0            0    1.526e-07
 125:     1.526e-07   -1.526e-07   -1.526e-07            0   -7.507e-05
 130:    -0.0005002    -0.001825    -0.004362    -0.008149     -0.01319
 135:      -0.01948     -0.02701      -0.0358     -0.04584     -0.05698
 140:       0.05302      0.04254      0.03316      0.02496      0.01794
 145:       0.01209     0.007423      0.00393     0.001612    0.0004004
 150:      3.49e-05            0   -1.436e-07            0   -5.744e-07
 155:             0            0            0    1.005e-06   -3.303e-06
 160:     1.149e-06    -3.59e-06    5.744e-07   -4.308e-06   -2.441e-06
 165:     8.617e-07    8.617e-07    2.872e-07    1.436e-06    2.585e-06
 170:             0   -1.436e-07    8.617e-07   -1.149e-06    4.308e-07
 175:     1.005e-06    1.436e-07   -4.308e-07    1.436e-07            0
 180:             0    2.872e-07            0            0   -1.436e-07
 185:             0    2.872e-07            0            0   -1.436e-07
 190:             0   -1.436e-07    2.872e-07            0    7.181e-07
 195:    -0.0001471    -0.001544    -0.004411     -0.00875     -0.01456
 200:      -0.02184     -0.03059     -0.04081      -0.0525     -0.06566
 205:       0.06247      0.05007      0.03904      0.02938       0.0211
 210:       0.01418      0.00863     0.004452     0.001644    0.0002055
 215:             0            0            0            0            0
 220:             0            0            0            0            0
 225:             0            0            0            0            0
 230:    -2.676e-07   -2.676e-07   -2.676e-07    2.676e-07            0
 235:    -2.676e-07   -2.676e-07   -2.676e-07    2.676e-07            0
 240:     5.351e-07    5.351e-07    4.013e-07            0            0
 245:     5.351e-07    5.351e-07    4.013e-07            0            0
 250:             0            0            0            0            0
 255:             0    -0.001918    -0.005753     -0.01151     -0.01918
 260:      -0.02877     -0.04027      -0.0537     -0.06904      -0.0863
 265:       0.07875        0.063        0.049      0.03675      0.02625
 270:        0.0175       0.0105      0.00525      0.00175            0
 275:             0            0            0            0            0
 280:             0            0            0            0            0
 285:             0            0            0            0            0
 290:             0            0            0            0            0
 295:             0            0            0            0            0
 300:             0
