   0:     0.0006073   -2.064e-05   -0.0008172   -6.021e-06     0.001923
   5:      0.003323     0.003418     0.002983     0.003314     0.004417
  10:      0.004984     0.004576     0.004133     0.004038     0.003788
  15:      0.003436     0.003335     0.003213     0.002843     0.002502
  20:       0.00228     0.002002     0.001701     0.001462     0.001198
  25:      0.000864    0.0005261    0.0001947   -0.0001553   -0.0004556
  30:    -0.0006289   -0.0007759    -0.001042    -0.001349    -0.001537
  35:     -0.001688    -0.001982     -0.00239    -0.002784    -0.003177
  40:      -0.00364    -0.004178    -0.004738    -0.005245    -0.005646
  45:     -0.005988    -0.006344    -0.006672    -0.006925     -0.00723
  50:     -0.007652    -0.007939     -0.00793    -0.007865    -0.007803
  55:      -0.00735     -0.00651    -0.005776    -0.005073     -0.00403
  60:     -0.003089    -0.002635    -0.001985   -0.0009792    -0.000516
  65:    -0.0004072    0.0002025    0.0005834    0.0001239   -8.797e-05
  70:     -9.41e-05    -0.001023    -0.001982      -0.0024    -0.003772
  75:     -0.005481    -0.006208    -0.007759    -0.009777    -0.009674
  80:     -0.009653     -0.01043    -0.008163    -0.005375    -0.004173
  85:     0.0006871     0.005488     0.006285       0.0114      0.01592
  90:       0.01352      0.01571      0.01438     0.003895     0.002303
  95:     -0.006376     -0.02549      -0.0287     -0.05144     -0.08078
 100:       -0.0318      0.03687      0.03155      0.01219      0.02296
 105:       0.02154      0.01086      0.01303      0.01215     0.004099
 110:     -0.001256    -0.007417     -0.01406     -0.01567     -0.01483
 115:      -0.01464     -0.01279    -0.008647    -0.007357    -0.009473
 120:     -0.007258    -0.005433     -0.01325     -0.01764     -0.01621
 125:      -0.02755     -0.03613     -0.03121      -0.0489      -0.0662
 130:      -0.01858      0.04573      0.04812      0.02699      0.03134
 135:       0.03254      0.01815      0.01273      0.01263     0.004577
 140:     -0.001224    -0.001326    -0.005625     -0.01147     -0.01235
 145:      -0.01243      -0.0138     -0.01263     -0.01002    -0.009371
 150:     -0.008991    -0.007158    -0.005673    -0.004927    -0.003496
 155:     -0.001918    -0.001401    -0.001457    -0.001531     -0.00188
 160:     -0.002244    -0.002124    -0.001852    -0.001796    -0.001687
 165:     -0.001587    -0.002039    -0.002888    -0.003299    -0.003059
 170:     -0.002735    -0.002672    -0.002716     -0.00271    -0.002693
 175:     -0.002788    -0.003194    -0.003996    -0.004867    -0.005304
 180:     -0.005194    -0.004757    -0.004097    -0.003405    -0.003045
 185:     -0.002957    -0.002659    -0.002011    -0.001083    1.703e-05
 190:     0.0005961    8.809e-05   -0.0008979    -0.001892    -0.003254
 195:     -0.004257     -0.00408      -0.0045    -0.006579    -0.007508
 200:     -0.006396    -0.006574    -0.007479    -0.005152    -0.001989
 205:     -0.001652    0.0002225     0.004624     0.004769     0.003856
 210:      0.008365     0.008958     0.003199     0.004115     0.002563
 215:      -0.01471     -0.02528     -0.02702     -0.05137     -0.06751
 220:      -0.01799      0.05012      0.05704      0.02799      0.02043
 225:       0.02022     0.003419     -0.00893    -0.006465    -0.008133
 230:      -0.01564     -0.01449    -0.008605    -0.008936      -0.0103
 235:     -0.006159    -0.002497    -0.003799    -0.005187    -0.003796
 240:     -0.003244    -0.005095    -0.006151      -0.0049    -0.004026
 245:     -0.005166    -0.005483    -0.002915   -0.0007388   -0.0008311
 250:      0.001403     0.006908     0.008771     0.007069     0.009472
 255:       0.01171     0.005611    0.0008371     0.002438    -0.006825
 260:      -0.02503      -0.0283     -0.03206     -0.06516     -0.08412
 265:      -0.02949       0.0557      0.08257       0.0516      0.02779
 270:       0.02774      0.02101     0.003149     -0.00548    -0.005118
 275:      -0.01017     -0.01843     -0.01972     -0.01738     -0.01923
 280:      -0.02216     -0.02025     -0.01601     -0.01408     -0.01268
 285:     -0.008059    -0.001225     0.004179      0.00759       0.0122
 290:       0.01988      0.02672      0.02764      0.02556      0.02758
 295:       0.02928      0.01869     0.003998     0.006727      0.01798
 300:      -0.01801
