   0:             0            0            0            0            0
   5:             0            0            0            0            0
  10:             0            0            0            0            0
  15:             0            0            0            0            0
  20:             0            0            0            0            0
  25:             0            0            0            0            0
  30:             0            0            0            0            0
  35:             0            0            0            0            0
  40:             0            0            0            0            0
  45:             0            0            0            0            0
  50:             0   -8.138e-08   -2.441e-07    2.441e-07    2.441e-07
  55:    -3.255e-07   -2.002e-05   -0.0001403   -0.0004463     -0.00112
  60:      -0.00232    -0.004147    -0.006633    -0.009787     -0.01361
  65:      -0.01809     -0.02321     -0.02878      0.03001      0.02456
  70:       0.01948      0.01495      0.01103     0.007739     0.005066
  75:      0.003025     0.001586    0.0006814    0.0002261    5.066e-05
  80:     5.569e-06    1.297e-06   -2.289e-07    3.815e-07   -2.289e-07
  85:     9.155e-07   -5.341e-07   -1.068e-06   -5.341e-07   -4.578e-07
  90:    -3.815e-07   -5.341e-07   -6.866e-07   -5.341e-07   -6.866e-07
  95:    -3.815e-07   -2.289e-07   -4.578e-07   -1.526e-07   -7.629e-08
 100:    -1.526e-07   -5.341e-07   -3.052e-07   -3.815e-07   -2.289e-07
 105:    -2.289e-07   -1.526e-07    7.629e-08            0            0
 110:             0            0            0            0            0
 115:             0            0            0            0            0
 120:             0    7.629e-08            0            0    7.629e-08
 125:     7.629e-08   -7.629e-08   -7.629e-08            0   -3.754e-05
 130:    -0.0002501   -0.0009124    -0.002181    -0.004075    -0.006594
 135:     -0.009738     -0.01351      -0.0179     -0.02292     -0.02849
 140:       0.02651      0.02127      0.01658      0.01248     0.008971
 145:      0.006047     0.003712     0.001965    0.0008062    0.0002002
 150:     1.745e-05            0   -7.181e-08            0   -2.872e-07
 155:             0            0            0    5.026e-07   -1.652e-06
 160:     5.744e-07   -1.795e-06    2.872e-07   -2.154e-06   -1.221e-06
 165:     4.308e-07    4.308e-07    1.436e-07    7.181e-07    1.293e-06
 170:             0   -7.181e-08    4.308e-07   -5.744e-07    2.154e-07
 175:     5.026e-07    7.181e-08   -2.154e-07    7.181e-08            0
 180:             0    1.436e-07            0            0   -7.181e-08
 185:             0    1.436e-07            0            0   -7.181e-08
 190:             0   -7.181e-08    1.436e-07            0     3.59e-07
 195:    -7.353e-05   -0.0007721    -0.002205    -0.004375    -0.007278
 200:      -0.01092     -0.01529      -0.0204     -0.02625     -0.03283
 205:       0.03123      0.02503      0.01952      0.01469      0.01055
 210:      0.007089     0.004315     0.002226    0.0008219    0.0001027
 215:             0            0            0            0            0
 220:             0            0            0            0            0
 225:             0            0            0            0            0
 230:    -1.338e-07   -1.338e-07   -1.338e-07    1.338e-07            0
 235:    -1.338e-07   -1.338e-07   -1.338e-07    1.338e-07            0
 240:     2.676e-07    2.676e-07    2.007e-07            0            0
 245:     2.676e-07    2.676e-07    2.007e-07            0            0
 250:             0            0            0            0            0
 255:             0    -0.000959    -0.002877    -0.005753    -0.009589
 260:      -0.01438     -0.02014     -0.02685     -0.03452     -0.04315
 265:       0.03937       0.0315       0.0245      0.01838      0.01312
 270:       0.00875      0.00525     0.002625    0.0008751            0
 275:             0            0            0            0            0
 280:             0            0            0            0            0
 285:             0            0            0            0            0
 290:             0            0            0            0            0
 295:             0            0            0            0            0
 300:             0
