   0:    -2.833e-09    2.371e-09   -7.778e-11    3.909e-10   -9.972e-10
   5:     4.562e-10    1.252e-09    2.512e-10   -5.227e-10    5.756e-11
  10:     9.761e-10    1.133e-09    6.186e-10    4.511e-11   -2.823e-10
  15:    -4.077e-10   -4.355e-10   -3.976e-10   -2.872e-10   -1.166e-10
  20:     6.863e-11    2.031e-10    2.261e-10    1.173e-10    -7.03e-11
  25:    -2.045e-10   -1.259e-10    2.607e-10    9.069e-10    1.623e-09
  30:      2.17e-09    2.386e-09    2.268e-09    1.966e-09    1.688e-09
  35:     1.584e-09    1.648e-09    1.725e-09    1.625e-09    1.281e-09
  40:     8.189e-10     4.54e-10    2.814e-10    1.771e-10    -6.14e-11
  45:     -4.49e-10   -7.029e-10   -4.517e-10    4.065e-10    1.547e-09
  50:     2.432e-09    2.705e-09    2.406e-09    1.876e-09    1.502e-09
  55:     1.553e-09    2.003e-09    2.267e-09    1.225e-09   -1.653e-09
  60:    -4.452e-09   -3.112e-09    3.536e-09    8.421e-09    1.515e-09
  65:    -1.367e-08   -1.512e-08    1.195e-08    4.581e-08    4.535e-08
  70:     2.867e-09   -4.057e-08   -4.408e-08   -1.363e-08    1.344e-08
  75:     1.577e-08    3.751e-09   -3.567e-09   -7.916e-10    5.038e-09
  80:       7.1e-09    4.994e-09    1.961e-09    3.698e-10    3.334e-10
  85:     8.822e-10    1.297e-09    1.469e-09     1.58e-09    1.741e-09
  90:     1.905e-09    1.984e-09    1.958e-09    1.869e-09    1.755e-09
  95:     1.618e-09    1.464e-09    1.347e-09    1.358e-09    1.558e-09
 100:      1.91e-09    2.265e-09    2.425e-09    2.255e-09    1.776e-09
 105:     1.181e-09    7.286e-10    5.848e-10    7.209e-10    9.557e-10
 110:     1.099e-09    1.078e-09    9.505e-10    8.076e-10    6.574e-10
 115:     4.049e-10   -2.401e-11   -5.131e-10   -7.578e-10   -5.264e-10
 120:     5.679e-11    5.619e-10    6.493e-10    4.048e-10    2.632e-10
 125:     6.241e-10    1.556e-09    2.789e-09    3.808e-09    3.895e-09
 130:     2.401e-09   -3.182e-10   -2.116e-09   -6.989e-10      2.1e-09
 135:    -6.802e-10   -1.235e-08   -2.135e-08   -7.929e-09    2.868e-08
 140:     5.707e-08    4.352e-08   -5.565e-09   -4.634e-08   -4.588e-08
 145:    -1.473e-08    1.291e-08    1.826e-08    9.131e-09     1.33e-09
 150:     9.078e-10    3.928e-09    5.373e-09    4.233e-09    2.262e-09
 155:     1.053e-09    8.497e-10    1.061e-09    1.119e-09    9.321e-10
 160:     8.172e-10    1.109e-09    1.773e-09      2.4e-09    2.583e-09
 165:     2.294e-09     1.85e-09    1.556e-09    1.471e-09    1.518e-09
 170:     1.682e-09     2.01e-09    2.424e-09    2.678e-09     2.56e-09
 175:     2.128e-09    1.702e-09    1.603e-09     1.88e-09    2.258e-09
 180:     2.373e-09    2.103e-09    1.676e-09    1.441e-09    1.537e-09
 185:     1.812e-09    2.036e-09    2.138e-09    2.223e-09    2.404e-09
 190:     2.709e-09    3.149e-09    3.702e-09    4.017e-09    3.238e-09
 195:     7.158e-10   -2.457e-09   -3.109e-09    9.034e-10    5.943e-09
 200:     3.396e-09   -9.628e-09   -1.994e-08   -6.947e-09    3.059e-08
 205:     6.217e-08    5.254e-08    2.469e-09   -4.753e-08   -5.844e-08
 210:    -3.031e-08    4.803e-09    1.943e-08    1.278e-08     1.24e-09
 215:    -2.482e-09    1.761e-09    7.311e-09    9.328e-09    7.696e-09
 220:     4.796e-09    2.601e-09    1.624e-09    1.422e-09    1.413e-09
 225:     1.291e-09    1.049e-09    8.255e-10    7.439e-10    8.297e-10
 230:      1.03e-09    1.281e-09    1.547e-09    1.795e-09    1.967e-09
 235:     2.009e-09     1.94e-09    1.857e-09    1.877e-09     2.04e-09
 240:     2.242e-09    2.281e-09    1.983e-09    1.364e-09     6.69e-10
 245:     2.388e-10    2.619e-10    6.142e-10    9.805e-10    1.195e-09
 250:     1.464e-09    2.153e-09    3.246e-09    3.989e-09    3.322e-09
 255:     1.108e-09   -9.079e-10   -2.222e-10    2.855e-09    2.762e-09
 260:    -7.058e-09   -2.375e-08   -3.027e-08   -8.411e-09    3.791e-08
 265:     7.603e-08    7.008e-08    1.658e-08   -4.839e-08   -7.999e-08
 270:    -6.263e-08   -1.806e-08    1.909e-08    3.031e-08    2.092e-08
 275:     7.077e-09   -1.179e-10    5.134e-11     2.67e-09    3.676e-09
 280:     2.392e-09    2.841e-10   -1.137e-09   -1.321e-09    -5.41e-10
 285:     6.226e-10    1.658e-09    2.276e-09    2.409e-09     2.13e-09
 290:     1.551e-09     7.87e-10   -5.042e-11   -8.903e-10   -1.791e-09
 295:    -2.926e-09   -4.343e-09   -5.599e-09   -5.653e-09   -3.358e-09
 300:     1.622e-09
