   0:             0            0            0            0            0
   5:             0            0            0            0            0
  10:             0            0            0            0            0
  15:             0            0            0            0            0
  20:             0            0            0            0            0
  25:             0            0            0            0            0
  30:             0            0            0            0            0
  35:             0            0            0            0            0
  40:             0            0            0            0            0
  45:             0            0            0            0            0
  50:             0    1.421e-14    4.974e-14   -4.974e-14   -4.974e-14
  55:     7.816e-14    4.448e-12    3.118e-11    9.911e-11    2.484e-10
  60:     5.137e-10    9.158e-10     1.46e-09    2.143e-09    2.963e-09
  65:     3.914e-09    4.983e-09    6.131e-09   -6.136e-09    -4.98e-09
  70:    -3.919e-09   -2.987e-09   -2.191e-09   -1.529e-09    -9.97e-10
  75:    -5.935e-10   -3.105e-10   -1.332e-10   -4.417e-11   -9.891e-12
  80:    -1.087e-12   -2.629e-13    4.263e-14   -7.816e-14    4.263e-14
  85:    -1.847e-13    9.948e-14    2.061e-13    9.948e-14    8.527e-14
  90:     7.105e-14    9.948e-14    1.279e-13    9.948e-14    1.279e-13
  95:     7.105e-14    4.263e-14    8.527e-14    2.842e-14    1.421e-14
 100:     2.842e-14    9.948e-14    5.684e-14    7.105e-14    4.263e-14
 105:     4.263e-14    2.842e-14   -2.132e-14            0            0
 110:             0            0            0            0            0
 115:             0            0            0            0            0
 120:             0   -2.132e-14            0            0   -2.132e-14
 125:    -2.132e-14    1.421e-14    1.421e-14            0    7.333e-12
 130:     4.883e-11     1.78e-10    4.246e-10     7.91e-10    1.275e-09
 135:     1.874e-09    2.585e-09    3.404e-09    4.327e-09    5.335e-09
 140:    -4.776e-09   -3.801e-09   -2.942e-09   -2.201e-09   -1.573e-09
 145:    -1.056e-09   -6.457e-10   -3.409e-10   -1.396e-10   -3.465e-11
 150:     -3.02e-12            0    1.421e-14            0    4.974e-14
 155:             0            0            0   -9.237e-14    2.842e-13
 160:    -9.948e-14    3.126e-13   -5.684e-14    3.695e-13    2.061e-13
 165:    -7.816e-14   -7.816e-14   -2.132e-14   -1.279e-13   -2.274e-13
 170:             0    1.421e-14   -7.816e-14    9.237e-14   -3.553e-14
 175:    -9.237e-14   -1.421e-14    3.553e-14   -1.421e-14            0
 180:             0   -2.132e-14            0            0    1.421e-14
 185:             0   -2.132e-14            0            0    1.421e-14
 190:             0    1.421e-14   -2.132e-14            0   -6.395e-14
 195:     1.272e-11    1.334e-10    3.803e-10     7.52e-10    1.246e-09
 200:     1.859e-09    2.587e-09    3.425e-09    4.369e-09    5.412e-09
 205:    -4.918e-09   -3.904e-09   -3.019e-09   -2.255e-09   -1.609e-09
 210:    -1.076e-09    -6.52e-10   -3.353e-10   -1.235e-10   -1.543e-11
 215:             0            0            0            0            0
 220:             0            0            0            0            0
 225:             0            0            0            0            0
 230:     2.132e-14    2.132e-14    2.132e-14   -2.132e-14            0
 235:     2.132e-14    2.132e-14    2.132e-14   -2.132e-14            0
 240:    -3.553e-14   -3.553e-14   -2.842e-14            0            0
 245:    -3.553e-14   -3.553e-14   -2.842e-14            0            0
 250:             0            0            0            0            0
 255:             0    1.438e-10      4.3e-10    8.563e-10    1.419e-09
 260:     2.114e-09    2.934e-09    3.874e-09    4.926e-09    6.081e-09
 265:    -5.229e-09   -4.132e-09   -3.179e-09   -2.362e-09   -1.673e-09
 270:    -1.108e-09   -6.614e-10   -3.294e-10   -1.095e-10            0
 275:             0            0            0            0            0
 280:             0            0            0            0            0
 285:             0            0            0            0            0
 290:             0            0            0            0            0
 295:             0            0            0            0            0
 300:             0
