   0:             0            0     0.008799      0.06015      0.07648
   5:      -0.01406      0.03535       0.1284      0.06376     -0.06874
  10:       -0.1001       0.0259      0.04993     -0.09547      -0.1006
  15:       0.03169      0.05607     -0.01332      -0.0336      0.01726
  20:       0.07757      0.08815      0.04022     -0.01445     -0.02322
  25:      0.008246      0.03478      0.03428      0.01635    -0.005714
  30:      -0.02144     -0.03351     -0.05987     -0.09663       -0.108
  35:      -0.07306     -0.01231      0.03616      0.04871      0.02847
  40:      0.002097    -0.003243      0.01217      0.02816      0.03239
  45:       0.02674      0.01586     0.001192     -0.01271     -0.01738
  50:      -0.01652     -0.02487     -0.03704     -0.02734     0.004883
  55:       0.02607       0.0134     -0.02023      -0.0416     -0.02443
  60:       0.02305      0.05955      0.05871      0.04344       0.0526
  65:       0.08645       0.1058      0.08302      0.03467    -0.003336
  70:      -0.01893     -0.02604     -0.03746     -0.05644     -0.08213
  75:       -0.1013     -0.08714     -0.02883      0.04468      0.09062
  80:       0.09122      0.05488     0.000583     -0.04621     -0.06353
  85:      -0.05166     -0.03193     -0.01944      -0.0069      0.01521
  90:       0.03581      0.03527      0.01141     -0.01831     -0.03622
  95:      -0.03776     -0.02884     -0.01804     -0.01184     -0.01225
 100:      -0.01651     -0.01973     -0.01826     -0.01077     0.002601
 105:       0.02069      0.04066      0.05696      0.06214       0.0511
 110:       0.02736     0.004862     -0.00163     0.007861       0.0163
 115:      0.007678     -0.01525     -0.03459      -0.0362     -0.02189
 120:     -0.004058     0.007573      0.01277      0.01836      0.03081
 125:       0.04799      0.05755      0.04679      0.01561     -0.02085
 130:      -0.04362      -0.0453     -0.03367      -0.0203    -0.008086
 135:      0.008097      0.02977      0.04759      0.04743      0.02263
 140:      -0.02043     -0.06705      -0.1015      -0.1104     -0.08654
 145:      -0.03669      0.01462       0.0387      0.02704   -0.0003062
 150:      -0.01555    -0.009807     0.005064      0.01388     0.009127
 155:     -0.009447     -0.03478      -0.0511     -0.04088   -1.761e-05
 160:       0.05404      0.09336       0.1004      0.07778       0.0407
 165:      0.003872     -0.02485     -0.04332     -0.05192     -0.05233
 170:      -0.04768     -0.04197     -0.03747     -0.03258     -0.02293
 175:     -0.005909      0.01593      0.03614      0.04931      0.05487
 180:       0.05633      0.05673      0.05483      0.04586      0.02656
 185:    -0.0004302     -0.02691     -0.04439     -0.04966     -0.04632
 190:      -0.04094     -0.03743     -0.03414     -0.02619     -0.01068
 195:      0.009774      0.02828      0.03866      0.04001      0.03719
 200:       0.03658      0.04041      0.04429       0.0401      0.02201
 205:     -0.008843      -0.0444     -0.07433     -0.09199      -0.0976
 210:      -0.09653     -0.09387     -0.08917     -0.07561     -0.04485
 215:      0.005279      0.06562       0.1176       0.1419       0.1299
 220:       0.08832      0.03616    -0.006811     -0.03032     -0.03699
 225:      -0.03781      -0.0437     -0.05893     -0.07923     -0.09487
 230:      -0.09597     -0.07731     -0.04068     0.005789      0.05037
 235:       0.08139      0.09074      0.07648      0.04381     0.003862
 240:      -0.02981      -0.0463     -0.04191     -0.02201     0.001181
 245:       0.01441      0.01012    -0.009439     -0.03316     -0.04681
 250:      -0.04058     -0.01434      0.02207      0.05359      0.06713
 255:       0.05745      0.02899    -0.006815     -0.03698     -0.05233
 260:      -0.05044     -0.03534     -0.01475     0.003687      0.01524
 265:       0.01909      0.01744       0.0136      0.01021     0.008233
 270:      0.007024
