   0:             0            0      0.01232     -0.02052     -0.05748
   5:       0.02877      0.02232     0.009517      0.07159        0.115
  10:        0.1018      0.03928      0.03897      0.09042      0.02924
  15:      -0.02988     0.009979      0.02196      0.01102      0.02461
  20:       0.02392      0.02533       0.0547      0.05232     -0.01604
  25:      -0.05295     0.005908      0.06436      0.03744     -0.01793
  30:      -0.01826      0.01287   -0.0008994     -0.02881      0.01158
  35:       0.06431       0.0562      0.03273      0.02653      0.02689
  40:       0.03755      0.04885      0.04777      0.04085      0.02784
  45:       0.01089   -0.0004604     -0.01818     -0.04372     -0.04119
  50:      -0.00526      0.01967       0.0126     0.003043      0.01016
  55:       0.02346      0.03398      0.03093      0.01246     0.006165
  60:       0.01758      0.01048     -0.01994     -0.02489     0.007326
  65:       0.02158    -0.006175     -0.03165     -0.01533      0.03613
  70:       0.08227      0.07833      0.02892     0.004456      0.03235
  75:       0.03407     -0.03651     -0.09643     -0.06561     0.008272
  80:       0.04119      0.02951        0.018      0.02485      0.03497
  85:       0.03458      0.02544      0.01511     0.008769     0.008316
  90:       0.01231      0.01454     0.006247     -0.01515     -0.03926
  95:       -0.0479     -0.03026     0.005709      0.03742      0.04349
 100:       0.01879     -0.02125     -0.05069     -0.05207     -0.02947
 105:     -0.003361     0.008899     0.006754     0.002185     0.007981
 110:       0.03192      0.07328       0.1151       0.1236      0.06879
 115:      -0.04584      -0.1751      -0.2574      -0.2552      -0.1786
 120:       -0.0732      0.01497      0.06944       0.1051       0.1444
 125:        0.1908       0.2205       0.2005         0.12     0.007404
 130:      -0.08499      -0.1196      -0.1008     -0.06282     -0.03362
 135:      -0.01336      0.01076      0.03757      0.04948      0.03653
 140:       0.01128    -0.006731     -0.01312      -0.0173     -0.02414
 145:      -0.02608     -0.01447     0.007163      0.02495      0.02761
 150:       0.01427    -0.008734     -0.03275     -0.04688     -0.03914
 155:     -0.005475       0.0397      0.06667      0.05098    -0.003977
 160:      -0.06369     -0.08503     -0.04902      0.02267      0.08224
 165:       0.09051      0.04431     -0.02304     -0.06595     -0.05708
 170:     -0.003461       0.0604      0.09479      0.07715      0.01488
 175:      -0.05646     -0.09212     -0.06763    0.0007045      0.06374
 180:       0.07602      0.03478     -0.01636     -0.02995    -0.002681
 185:       0.02466      0.01438     -0.02831     -0.06322     -0.05707
 190:        -0.015      0.02732      0.03902      0.01958    -0.006639
 195:      -0.01499      0.00011      0.02402      0.03556      0.02327
 200:     -0.006776     -0.03492      -0.0397     -0.01052      0.04518
 205:        0.1035       0.1345       0.1162      0.04685     -0.05215
 210:       -0.1436      -0.1899      -0.1696     -0.08857      0.02061
 215:        0.1118       0.1462       0.1118      0.03006     -0.05521
 220:       -0.1023     -0.09435     -0.04698     0.005189       0.0324
 225:       0.02799     0.008679    -0.001484      0.01002      0.03667
 230:       0.06021      0.06465      0.04574      0.01144     -0.02439
 235:      -0.04929     -0.05678      -0.0472      -0.0259   -0.0005654
 240:       0.02123      0.03387      0.03505      0.02645      0.01315
 245:      0.001656    -0.003046   -3.858e-05     0.006954      0.01169
 250:      0.009144    -0.001631     -0.01714     -0.03143     -0.03879
 255:      -0.03574     -0.02196   -0.0002415      0.02432      0.04568
 260:       0.05846       0.0593      0.04768      0.02607   -0.0006844
 265:      -0.02647      -0.0454     -0.05329      -0.0488     -0.03379
 270:      -0.01272
