   0:             0            0      0.06288      0.03839     -0.02239
   5:      -0.03796     -0.04442    -0.007375      0.04387      0.03099
  10:      0.001539     -0.04806     -0.09894     -0.01994      0.08449
  15:       0.06417     0.003932     -0.02061      -0.0166     -0.01481
  20:      -0.03443     -0.04073     -0.02568     0.003072      0.02828
  25:      -0.02125     -0.07672     -0.02409      0.03847       0.0279
  30:      0.006043    -0.001641     0.008676      0.01917     -0.03362
  35:       -0.1011     -0.06643      0.01331     0.008966     -0.03843
  40:      -0.03044   -0.0008479    -0.007727    -0.005552      0.04247
  45:       0.08089      0.06566      0.02744     0.007982      0.01267
  50:       0.02777      0.04414      0.05321      0.03746    -0.006585
  55:      -0.03988     -0.01598      0.04891      0.08822       0.0851
  60:        0.0862      0.09093      0.04668     -0.03348     -0.07528
  65:      -0.05562     -0.02189     -0.01033    -0.008207     0.000474
  70:       0.01276      0.02179      0.01851     0.002772    -0.001359
  75:       0.02015       0.0283     -0.01777      -0.0761     -0.06653
  80:      0.003678      0.04701      0.02706     -0.01045     -0.02907
  85:      -0.03519     -0.03104    -0.006046      0.02074     0.007163
  90:      -0.04061     -0.06532     -0.04252    -0.007364      0.00274
  95:     -0.007225      -0.0116    -0.006577    -0.007552     -0.01773
 100:      -0.02185     -0.01323     -0.01098     -0.03323     -0.06323
 105:      -0.06412     -0.02696      0.01608       0.0349      0.03463
 110:       0.03307      0.02787     0.003207     -0.03554      -0.0519
 115:      -0.02051      0.02935      0.03657     -0.02483      -0.1136
 120:       -0.1554      -0.1077     0.002464       0.1033       0.1398
 125:        0.1085      0.03942     -0.03777       -0.106      -0.1503
 130:       -0.1509      -0.0943      0.00332      0.08755      0.09704
 135:       0.02262     -0.06924     -0.09636     -0.04858     0.005157
 140:      0.002324     -0.03884     -0.04397      0.02039      0.09269
 145:       0.08363     -0.01101      -0.1004      -0.1021     -0.02418
 150:       0.05819      0.08162      0.04227     -0.01743     -0.05453
 155:      -0.05836     -0.04377     -0.02169      0.01213      0.05883
 160:       0.09741      0.09303      0.02685     -0.08109      -0.1785
 165:       -0.2129      -0.1654     -0.06137      0.04814        0.117
 170:        0.1269      0.09004      0.03385     -0.01765     -0.05367
 175:      -0.07278     -0.07334     -0.04996   -0.0002768      0.06588
 180:        0.1255        0.152       0.1284      0.05614     -0.04465
 185:        -0.143      -0.2084      -0.2217      -0.1818      -0.1042
 190:      -0.01403      0.06487       0.1192       0.1485       0.1597
 195:        0.1573        0.137      0.08993      0.01544     -0.06889
 200:       -0.1324      -0.1505      -0.1224     -0.07088     -0.02429
 205:       0.00401      0.02154      0.04264      0.06877      0.08451
 210:       0.07421      0.04018     0.001974     -0.02115     -0.02507
 215:      -0.02006      -0.0185     -0.02375     -0.02848     -0.02216
 220:    -0.0005671      0.02994      0.05612      0.06611      0.05595
 225:       0.03053   -0.0003845     -0.02745     -0.04507     -0.05165
 230:      -0.04808     -0.03643     -0.02017    -0.005286     0.000265
 235:     -0.009502     -0.03296     -0.05843     -0.06874     -0.05117
 240:     -0.006392      0.04983      0.09387       0.1061      0.08077
 245:       0.02833     -0.03012     -0.07308      -0.0879     -0.07462
 250:      -0.04341    -0.008016      0.02085      0.03894       0.0476
 255:       0.05015      0.04835      0.04135      0.02756     0.007558
 260:      -0.01451     -0.03264     -0.04251     -0.04416     -0.04165
 265:      -0.04021     -0.04278      -0.0482     -0.05186     -0.04876
 270:      -0.03686
