   0:             0            0     0.009124      0.05984      0.07598
   5:      -0.03048      0.03294       0.1373      0.05489      -0.0761
  10:       -0.1075      0.01384      0.04319     -0.09692     -0.08935
  15:       0.04341      0.05557    -0.007165       -0.018       0.0203
  20:       0.06709      0.08047      0.04046    -0.008493     -0.01152
  25:       0.02292      0.04604      0.04089      0.01968    -0.008898
  30:      -0.03046     -0.03823     -0.05326     -0.08207     -0.09281
  35:      -0.06433     -0.01562      0.02152      0.03059      0.01458
  40:     -0.005102     -0.00541      0.01017      0.02129      0.02085
  45:       0.01568     0.009213    -0.002723     -0.01709       -0.019
  50:     -0.008845    -0.009827     -0.02443     -0.02232     0.006137
  55:       0.03134      0.02899     0.003718     -0.02009     -0.01284
  60:        0.0275      0.06032      0.05269      0.02825      0.03358
  65:       0.07107      0.09456      0.07095      0.02152     -0.01153
  70:      -0.01921     -0.02286     -0.03481     -0.05269     -0.07634
  75:      -0.09781     -0.09011     -0.03805       0.0309      0.07435
  80:       0.07811      0.05125     0.006654     -0.03585     -0.05379
  85:       -0.0443     -0.02811     -0.02085     -0.01287     0.008485
  90:       0.03123      0.03243     0.008738     -0.02146     -0.03995
  95:      -0.04233     -0.03427       -0.024     -0.01832     -0.01952
 100:      -0.02403     -0.02586     -0.02143     -0.01089     0.003848
 105:       0.02103      0.03917      0.05544      0.06428      0.05927
 110:       0.03973      0.01675     0.006616      0.01316      0.02141
 115:       0.01493    -0.004971     -0.02247       -0.026     -0.01863
 120:      -0.01052    -0.006568    -0.003647     0.004871      0.02327
 125:       0.04697      0.06128      0.05182      0.01874     -0.02056
 130:      -0.04479     -0.04664     -0.03636      -0.0269     -0.01872
 135:     -0.002458      0.02474      0.04997      0.05407      0.02874
 140:      -0.01715     -0.06596      -0.1016      -0.1115     -0.08733
 145:      -0.03415      0.02177      0.04686      0.03056    -0.003027
 150:       -0.0211     -0.01497    0.0004821      0.01012     0.008441
 155:     -0.006153     -0.03092     -0.05153     -0.04629    -0.006017
 160:        0.0517      0.09426       0.1008      0.07536      0.03623
 165:    -0.0004672     -0.02779     -0.04476     -0.05184     -0.05005
 170:      -0.04264     -0.03489     -0.03044     -0.02742     -0.01961
 175:     -0.002673      0.02075      0.04247      0.05555      0.05972
 180:        0.0603       0.0618      0.06246      0.05526      0.03491
 185:      0.004261     -0.02615     -0.04519     -0.04899     -0.04296
 190:      -0.03655     -0.03517     -0.03612     -0.03182     -0.01731
 195:      0.004578      0.02467      0.03433      0.03216      0.02497
 200:        0.0222      0.02791      0.03685      0.03798      0.02273
 205:     -0.008363     -0.04524     -0.07455     -0.08788     -0.08657
 210:      -0.07954      -0.0756      -0.0756     -0.07039     -0.04696
 215:     0.0008663      0.06455       0.1221       0.1494       0.1342
 220:       0.08447       0.0238     -0.02305     -0.04365     -0.04247
 225:      -0.03474     -0.03543      -0.0505     -0.07476     -0.09586
 230:       -0.1012     -0.08398     -0.04573     0.004561      0.05387
 235:       0.08922       0.1013      0.08729      0.05202     0.007175
 240:      -0.03221     -0.05322     -0.05044      -0.0288    -0.001712
 245:       0.01528      0.01241    -0.008874     -0.03642     -0.05367
 250:      -0.04859     -0.02023      0.02055      0.05648      0.07235
 255:       0.06201      0.03063    -0.008577     -0.04085     -0.05617
 260:      -0.05253     -0.03529     -0.01359     0.004177      0.01358
 265:       0.01498      0.01197     0.008783     0.008045     0.009789
 270:       0.01194
